20 221 216 234 36 180 179 65 116 121 27 22 42 5 112 12 215 229 94 257 183
17 167 110 7 299 133 171 3 23 76 131 45 250 192 100 47 143 173
14 0 33 161 227 56 125 96 241 122 11 6 10 181 152
17 296 54 162 260 107 213 281 40 271 170 124 264 104 251 1 77 175
19 168 75 58 15 38 157 86 163 140 25 98 223 59 297 279 270 293 169 2
14 34 127 218 263 261 226 277 284 185 209 73 101 291 242
16 108 72 286 62 144 57 113 282 222 68 89 287 31 55 43 233
18 85 80 210 18 200 245 172 14 236 197 190 70 16 266 145 17 278 274
18 275 88 259 137 150 156 188 128 146 254 268 177 138 106 252 186 69 151
16 87 103 24 13 273 63 224 244 111 109 48 119 265 228 272 84
9 41 148 60 21 230 28 202 207 280
20 184 8 246 220 193 105 44 53 32 217 158 160 93 201 238 51 71 126 123 9
17 164 4 203 95 225 19 39 102 239 295 61 199 155 154 262 240 149
12 249 159 92 74 253 35 78 142 30 97 178 52
19 99 134 136 285 129 91 214 64 26 191 114 283 81 219 67 206 37 153 165
22 212 294 276 290 187 267 79 166 174 50 258 237 147 90 118 139 20 289 120 194 49 132
11 198 232 29 204 82 243 248 196 141 256 208
8 298 235 205 115 182 66 231 46
9 117 195 269 83 255 292 176 189 247
4 288 135 211 130
