124 3748 9829 7317 9963 4877 9739 7683 4575 6361 5379 3439 9677 6099 2123 3047 5309 2437 5453 7815 7679 7619 5187 4537 2697 6243 3595 7077 9795 4833 4033 1505 1845 4433 6699 1573 9083 457 2201 1131 861 8119 8927 3463 9673 583 2093 7231 3653 2723 6787 3669 1149 9141 6191 991 1579 5081 1031 497 565 2399 4583 3765 -1 -1 -1 -1 -1 -1 -1 -1 -1 -1 -1 -1 -1 -1 -1 -1 -1 -1 -1 -1 -1 -1 -1 -1 -1 -1 -1 -1 -1 -1 -1 -1 -1 -1 -1 -1 -1 -1 -1 -1 -1 -1 -1 -1 -1 -1 -1 -1 -1 -1 -1 -1 -1 -1 -1 -1 -1 -1 -1 -1 -1
124 5594 2325 5467 8229 5169 9889 6817 6973 1839 8785 9639 2627 9065 9425 9145 8525 8513 5323 9705 8967 1475 4925 1193 7387 2583 3513 6559 5449 8323 9199 2575 4367 31 9239 1561 1111 1361 8989 8499 4413 6215 3723 7511 4497 717 5145 7769 8191 1595 579 9415 3747 4483 8257 479 2869 3491 1983 4775 1009 4195 1759 3451 -1 -1 -1 -1 -1 -1 -1 -1 -1 -1 -1 -1 -1 -1 -1 -1 -1 -1 -1 -1 -1 -1 -1 -1 -1 -1 -1 -1 -1 -1 -1 -1 -1 -1 -1 -1 -1 -1 -1 -1 -1 -1 -1 -1 -1 -1 -1 -1 -1 -1 -1 -1 -1 -1 -1 -1 -1 -1 -1 -1 -1
124 6403 5511 8169 5147 1465 3937 9173 4617 9901 4887 6051 2511 1481 8923 5533 9427 2513 5879 7917 1807 4695 407 3257 8613 3799 5507 5817 7481 7007 9105 8307 2147 1323 8799 8473 4397 6749 3635 8729 7841 477 3103 7049 657 2387 4135 1067 3485 3295 2617 4475 863 9883 4997 9209 6689 1033 2857 3943 7723 1227 517 7191 -1 -1 -1 -1 -1 -1 -1 -1 -1 -1 -1 -1 -1 -1 -1 -1 -1 -1 -1 -1 -1 -1 -1 -1 -1 -1 -1 -1 -1 -1 -1 -1 -1 -1 -1 -1 -1 -1 -1 -1 -1 -1 -1 -1 -1 -1 -1 -1 -1 -1 -1 -1 -1 -1 -1 -1 -1 -1 -1 -1 -1
124 156 7277 9127 9999 7817 9523 6563 4703 9785 5049 9403 6329 4333 5285 6065 9799 2979 1665 8829 3861 3121 5933 3565 4559 7235 6867 3783 8267 3865 6451 8721 3915 253 7931 5157 4173 7195 8491 7355 8543 3093 4207 3913 8855 2523 7905 8947 2663 491 5719 5481 2141 2581 3089 993 4313 17 4677 1023 4911 5085 7745 2137 -1 -1 -1 -1 -1 -1 -1 -1 -1 -1 -1 -1 -1 -1 -1 -1 -1 -1 -1 -1 -1 -1 -1 -1 -1 -1 -1 -1 -1 -1 -1 -1 -1 -1 -1 -1 -1 -1 -1 -1 -1 -1 -1 -1 -1 -1 -1 -1 -1 -1 -1 -1 -1 -1 -1 -1 -1 -1 -1 -1 -1
124 942 4837 8253 8151 3123 5095 9751 8753 9111 8149 3361 1675 4799 249 7149 4685 2643 7209 7045 745 6825 2077 9579 847 173 29 5553 4407 4117 3283 9313 559 6715 5829 8973 7653 7183 9987 3275 1963 6033 6509 6267 5749 5355 2619 5203 8155 9233 2433 2631 4525 7647 1327 4461 397 7865 9547 9689 1843 2883 4147 8727 -1 -1 -1 -1 -1 -1 -1 -1 -1 -1 -1 -1 -1 -1 -1 -1 -1 -1 -1 -1 -1 -1 -1 -1 -1 -1 -1 -1 -1 -1 -1 -1 -1 -1 -1 -1 -1 -1 -1 -1 -1 -1 -1 -1 -1 -1 -1 -1 -1 -1 -1 -1 -1 -1 -1 -1 -1 -1 -1 -1 -1
124 3695 3053 9137 8077 6603 1933 8127 6319 5905 3839 6015 9013 3983 8083 669 5881 903 931 9305 1937 7995 7409 6709 3101 7781 9359 8869 8415 9601 2497 3197 8109 8453 4521 4331 757 2073 6115 841 665 441 2855 6039 6595 5283 591 5901 2113 9923 3061 4419 2791 5953 9861 621 4479 4755 9167 85 1667 1215 5641 7143 -1 -1 -1 -1 -1 -1 -1 -1 -1 -1 -1 -1 -1 -1 -1 -1 -1 -1 -1 -1 -1 -1 -1 -1 -1 -1 -1 -1 -1 -1 -1 -1 -1 -1 -1 -1 -1 -1 -1 -1 -1 -1 -1 -1 -1 -1 -1 -1 -1 -1 -1 -1 -1 -1 -1 -1 -1 -1 -1 -1 -1
124 3794 6525 9683 2955 6159 2773 9449 7681 2943 7577 2625 4733 4687 1861 9325 7959 8885 5035 3487 8457 557 5227 7159 4983 8031 6029 4777 6343 6639 6415 9671 7219 9603 2521 417 6711 6083 2547 231 5345 9549 5565 2717 7721 3901 1057 481 6247 4595 315 269 5369 5981 3099 5839 217 59 1207 2153 1461 2257 3949 6579 -1 -1 -1 -1 -1 -1 -1 -1 -1 -1 -1 -1 -1 -1 -1 -1 -1 -1 -1 -1 -1 -1 -1 -1 -1 -1 -1 -1 -1 -1 -1 -1 -1 -1 -1 -1 -1 -1 -1 -1 -1 -1 -1 -1 -1 -1 -1 -1 -1 -1 -1 -1 -1 -1 -1 -1 -1 -1 -1 -1 -1
124 4529 987 8887 19 3279 5023 8621 1379 2983 1105 8619 7119 4163 5061 4949 2877 8045 605 9879 9719 9767 8913 9591 6685 9281 5321 9035 1997 4657 9595 3999 3971 5101 7519 1763 4719 3051 5273 3081 2921 5293 6703 2591 293 2913 7551 5003 3221 2683 2579 8057 989 1731 1473 2407 4801 5317 997 6423 8179 1317 9609 1877 -1 -1 -1 -1 -1 -1 -1 -1 -1 -1 -1 -1 -1 -1 -1 -1 -1 -1 -1 -1 -1 -1 -1 -1 -1 -1 -1 -1 -1 -1 -1 -1 -1 -1 -1 -1 -1 -1 -1 -1 -1 -1 -1 -1 -1 -1 -1 -1 -1 -1 -1 -1 -1 -1 -1 -1 -1 -1 -1 -1 -1
124 7694 9203 7439 533 7441 7053 9515 4149 6683 5529 8055 8011 4347 7197 3285 8615 9277 4279 9729 8239 4095 4391 7831 3735 2769 2695 6521 8209 6785 1551 1771 4039 1367 8609 2767 643 1925 4019 7503 1541 6905 7799 5471 1757 2121 9061 1071 8639 3443 287 1203 3569 5361 653 3637 3249 3377 6573 4335 1191 6633 7725 1441 -1 -1 -1 -1 -1 -1 -1 -1 -1 -1 -1 -1 -1 -1 -1 -1 -1 -1 -1 -1 -1 -1 -1 -1 -1 -1 -1 -1 -1 -1 -1 -1 -1 -1 -1 -1 -1 -1 -1 -1 -1 -1 -1 -1 -1 -1 -1 -1 -1 -1 -1 -1 -1 -1 -1 -1 -1 -1 -1 -1 -1
124 9515 7073 7907 3397 8247 2859 967 817 4467 1343 799 7161 6915 1107 6161 9655 2885 6591 167 9193 8589 2453 7857 8821 8653 5503 7851 877 317 9823 5365 9809 2805 6609 6921 4573 845 9867 6389 5587 4263 4133 6733 2207 4907 79 795 2563 2221 5015 2139 3705 537 2259 323 4293 9983 3 8359 8651 9511 3657 3719 -1 -1 -1 -1 -1 -1 -1 -1 -1 -1 -1 -1 -1 -1 -1 -1 -1 -1 -1 -1 -1 -1 -1 -1 -1 -1 -1 -1 -1 -1 -1 -1 -1 -1 -1 -1 -1 -1 -1 -1 -1 -1 -1 -1 -1 -1 -1 -1 -1 -1 -1 -1 -1 -1 -1 -1 -1 -1 -1 -1 -1
124 9690 5 8341 7563 3853 7065 4415 6417 1887 4679 9851 6775 91 4471 1835 2339 2357 1727 7295 1127 7999 8809 4197 8831 9597 3365 3639 6677 5809 4403 6287 5005 6463 5685 3729 7533 3251 4661 1917 71 6885 2229 1029 5519 1829 5959 5457 6213 2343 9703 95 1863 6619 1739 4261 9663 4827 5929 2721 8455 2133 1939 1737 -1 -1 -1 -1 -1 -1 -1 -1 -1 -1 -1 -1 -1 -1 -1 -1 -1 -1 -1 -1 -1 -1 -1 -1 -1 -1 -1 -1 -1 -1 -1 -1 -1 -1 -1 -1 -1 -1 -1 -1 -1 -1 -1 -1 -1 -1 -1 -1 -1 -1 -1 -1 -1 -1 -1 -1 -1 -1 -1 -1 -1
124 537 1549 5971 4429 8717 9565 4955 9941 789 8579 5031 3473 6575 4579 2679 6873 6657 7335 8213 3055 5773 9653 2313 1687 4059 4383 1447 5279 5409 4319 2265 2389 4209 5445 7485 9877 3507 5987 3321 2967 4237 237 9303 5927 463 9269 705 9545 6859 7447 4511 3573 1929 1229 8413 1805 4523 1135 1853 1053 2291 2919 261 -1 -1 -1 -1 -1 -1 -1 -1 -1 -1 -1 -1 -1 -1 -1 -1 -1 -1 -1 -1 -1 -1 -1 -1 -1 -1 -1 -1 -1 -1 -1 -1 -1 -1 -1 -1 -1 -1 -1 -1 -1 -1 -1 -1 -1 -1 -1 -1 -1 -1 -1 -1 -1 -1 -1 -1 -1 -1 -1 -1 -1
124 3434 6737 5143 7429 4855 7259 2405 1743 5931 9503 9753 9873 8739 909 9821 6819 9893 5177 3107 7203 8647 7525 9097 3173 6419 8935 3231 5451 7489 3941 5757 9479 7229 7593 2043 6327 1921 2743 2193 5115 4437 49 3229 9223 1187 5161 4805 3125 7359 8383 8157 2693 803 869 4503 2057 3837 6363 473 1463 341 1309 5595 -1 -1 -1 -1 -1 -1 -1 -1 -1 -1 -1 -1 -1 -1 -1 -1 -1 -1 -1 -1 -1 -1 -1 -1 -1 -1 -1 -1 -1 -1 -1 -1 -1 -1 -1 -1 -1 -1 -1 -1 -1 -1 -1 -1 -1 -1 -1 -1 -1 -1 -1 -1 -1 -1 -1 -1 -1 -1 -1 -1 -1
124 5989 6945 5537 1571 7521 7373 7949 1999 8759 9453 3215 4103 1521 3815 429 9169 1555 107 7435 6003 9181 6279 3691 6285 2839 1201 835 6951 8977 327 2007 3997 8507 4469 9773 9477 5783 7019 5389 3045 9135 8541 5179 4967 9573 7709 5861 697 4515 3509 5841 8657 7391 141 25 6981 5343 8065 1395 3737 3075 1833 8925 -1 -1 -1 -1 -1 -1 -1 -1 -1 -1 -1 -1 -1 -1 -1 -1 -1 -1 -1 -1 -1 -1 -1 -1 -1 -1 -1 -1 -1 -1 -1 -1 -1 -1 -1 -1 -1 -1 -1 -1 -1 -1 -1 -1 -1 -1 -1 -1 -1 -1 -1 -1 -1 -1 -1 -1 -1 -1 -1 -1 -1
124 9509 6345 7595 6301 4731 2167 5911 9015 9227 8597 1941 8199 9749 6789 4489 711 4915 551 9165 5459 2501 2933 8747 451 8085 8933 6325 9973 4609 7805 5001 305 1653 6545 961 6379 6027 6989 6907 2411 7763 5893 9389 5335 7515 5711 8527 6659 1321 7285 1069 7095 3965 6443 5653 6341 2039 1907 6335 921 963 4379 7553 -1 -1 -1 -1 -1 -1 -1 -1 -1 -1 -1 -1 -1 -1 -1 -1 -1 -1 -1 -1 -1 -1 -1 -1 -1 -1 -1 -1 -1 -1 -1 -1 -1 -1 -1 -1 -1 -1 -1 -1 -1 -1 -1 -1 -1 -1 -1 -1 -1 -1 -1 -1 -1 -1 -1 -1 -1 -1 -1 -1 -1
124 3555 747 8425 9009 6053 5741 3801 4641 4917 9827 3395 1351 6725 9745 5315 8707 7431 8881 8871 3073 1315 4447 3005 5083 9743 4953 9509 7761 6503 8595 7731 3501 2403 7145 4139 8129 3517 4951 2001 5093 5479 6501 7237 6373 4289 1625 9711 4795 171 9007 951 6497 2753 6757 9787 5671 1253 3199 5017 7991 3331 3171 2797 -1 -1 -1 -1 -1 -1 -1 -1 -1 -1 -1 -1 -1 -1 -1 -1 -1 -1 -1 -1 -1 -1 -1 -1 -1 -1 -1 -1 -1 -1 -1 -1 -1 -1 -1 -1 -1 -1 -1 -1 -1 -1 -1 -1 -1 -1 -1 -1 -1 -1 -1 -1 -1 -1 -1 -1 -1 -1 -1 -1 -1
124 4012 4481 5217 7339 2601 6629 9191 4647 4789 7497 7067 3445 9157 9839 203 1209 6175 6025 6863 6095 5581 7789 4905 3581 9257 8281 9989 8687 3079 541 827 5089 5543 5555 7903 9003 7893 3213 9835 4623 2169 3031 2435 8165 6147 2901 2369 4029 7239 4287 639 2961 487 6479 9727 3503 4235 3399 207 6997 6467 821 1903 -1 -1 -1 -1 -1 -1 -1 -1 -1 -1 -1 -1 -1 -1 -1 -1 -1 -1 -1 -1 -1 -1 -1 -1 -1 -1 -1 -1 -1 -1 -1 -1 -1 -1 -1 -1 -1 -1 -1 -1 -1 -1 -1 -1 -1 -1 -1 -1 -1 -1 -1 -1 -1 -1 -1 -1 -1 -1 -1 -1 -1
124 7060 3751 1745 7825 2241 1377 7777 6961 6151 3859 7425 5917 4857 4409 4081 8243 6663 7199 8403 2311 3885 8317 6995 4785 1885 2905 8443 8593 4937 2003 6777 6567 5237 1291 8711 9481 2825 7895 1121 1733 405 7109 8557 4947 2457 635 5695 2749 7321 3921 4301 3383 243 1047 6705 3241 2515 1037 8757 6149 3755 3483 5925 -1 -1 -1 -1 -1 -1 -1 -1 -1 -1 -1 -1 -1 -1 -1 -1 -1 -1 -1 -1 -1 -1 -1 -1 -1 -1 -1 -1 -1 -1 -1 -1 -1 -1 -1 -1 -1 -1 -1 -1 -1 -1 -1 -1 -1 -1 -1 -1 -1 -1 -1 -1 -1 -1 -1 -1 -1 -1 -1 -1 -1
124 9071 6601 7057 7187 7921 7767 6669 8549 649 7885 573 3263 5483 5243 1003 791 3929 8287 8201 9967 7465 1673 6751 4443 2249 1539 8147 2607 6799 4075 8123 6841 7347 7993 7029 5419 8629 4713 7291 2887 597 8839 1641 4337 5601 1049 3645 11 1585 3315 3129 7751 8897 2537 7925 9985 9161 3911 2095 3869 3757 6303 545 -1 -1 -1 -1 -1 -1 -1 -1 -1 -1 -1 -1 -1 -1 -1 -1 -1 -1 -1 -1 -1 -1 -1 -1 -1 -1 -1 -1 -1 -1 -1 -1 -1 -1 -1 -1 -1 -1 -1 -1 -1 -1 -1 -1 -1 -1 -1 -1 -1 -1 -1 -1 -1 -1 -1 -1 -1 -1 -1 -1 -1
124 174 6321 9237 9297 1711 7901 9863 6305 4991 7891 7501 1787 9695 4277 8959 6005 2499 9759 1867 883 5935 7309 5099 2713 7849 5863 7027 8853 9557 6023 7411 1849 1375 3477 2815 9917 8827 3007 5123 7305 7477 889 119 5735 8793 5731 1251 5669 6539 3775 7303 831 7357 2633 623 9801 6253 4513 6953 2959 6911 7217 7629 -1 -1 -1 -1 -1 -1 -1 -1 -1 -1 -1 -1 -1 -1 -1 -1 -1 -1 -1 -1 -1 -1 -1 -1 -1 -1 -1 -1 -1 -1 -1 -1 -1 -1 -1 -1 -1 -1 -1 -1 -1 -1 -1 -1 -1 -1 -1 -1 -1 -1 -1 -1 -1 -1 -1 -1 -1 -1 -1 -1 -1
124 5745 6935 5339 1605 8417 271 5779 3493 8125 7697 3405 8219 5425 5945 8291 2847 1347 1099 9231 8795 2997 2347 5577 2245 5943 4619 8931 3255 4723 4299 471 6231 3625 8987 4633 2071 6769 1679 4155 8659 843 53 4973 4113 125 4387 6893 925 2321 2527 7105 9 57 8833 8377 529 9611 5585 251 4765 7527 7957 3115 -1 -1 -1 -1 -1 -1 -1 -1 -1 -1 -1 -1 -1 -1 -1 -1 -1 -1 -1 -1 -1 -1 -1 -1 -1 -1 -1 -1 -1 -1 -1 -1 -1 -1 -1 -1 -1 -1 -1 -1 -1 -1 -1 -1 -1 -1 -1 -1 -1 -1 -1 -1 -1 -1 -1 -1 -1 -1 -1 -1 -1
124 5284 6701 7419 5705 6745 6957 3817 8867 3651 1669 3907 6165 6621 3603 8039 9343 4045 2555 7847 3947 3583 1101 735 893 2865 1923 1369 6411 9349 8303 971 2031 9291 6105 8511 1803 7691 8975 5489 2333 9517 2841 1415 1213 1407 6047 3545 4271 5399 6397 3149 2891 6377 8591 4127 8691 187 765 9837 3631 4281 3807 2471 -1 -1 -1 -1 -1 -1 -1 -1 -1 -1 -1 -1 -1 -1 -1 -1 -1 -1 -1 -1 -1 -1 -1 -1 -1 -1 -1 -1 -1 -1 -1 -1 -1 -1 -1 -1 -1 -1 -1 -1 -1 -1 -1 -1 -1 -1 -1 -1 -1 -1 -1 -1 -1 -1 -1 -1 -1 -1 -1 -1 -1
124 8660 7263 7581 585 7323 9817 8197 4767 1895 9459 3821 5969 9797 7649 9635 3851 8797 9133 885 6393 3435 6555 6743 515 4653 4267 7055 6931 4345 1777 1299 5173 4831 6421 7207 3203 7837 9561 5763 8137 2023 9779 9815 2853 739 9685 3145 1331 2755 2051 4389 2509 4817 9887 4351 2447 7621 1311 3067 5633 235 151 1615 -1 -1 -1 -1 -1 -1 -1 -1 -1 -1 -1 -1 -1 -1 -1 -1 -1 -1 -1 -1 -1 -1 -1 -1 -1 -1 -1 -1 -1 -1 -1 -1 -1 -1 -1 -1 -1 -1 -1 -1 -1 -1 -1 -1 -1 -1 -1 -1 -1 -1 -1 -1 -1 -1 -1 -1 -1 -1 -1 -1 -1
124 5993 8071 917 8617 8435 9831 7935 9421 7535 8611 7415 2351 4363 7315 1959 4807 853 103 2305 1043 7047 6075 1617 4901 2117 13 6739 5477 1971 8311 1143 2361 6173 6019 295 3013 7631 4659 4581 3617 2879 8715 6903 5271 6333 6315 6085 5097 9149 1109 513 6155 5427 3017 567 5121 2989 7097 4061 4585 9581 9117 4601 -1 -1 -1 -1 -1 -1 -1 -1 -1 -1 -1 -1 -1 -1 -1 -1 -1 -1 -1 -1 -1 -1 -1 -1 -1 -1 -1 -1 -1 -1 -1 -1 -1 -1 -1 -1 -1 -1 -1 -1 -1 -1 -1 -1 -1 -1 -1 -1 -1 -1 -1 -1 -1 -1 -1 -1 -1 -1 -1 -1 -1
124 7706 3685 9961 2699 9539 6307 9005 6765 5021 5551 8007 5257 8791 9483 8189 7657 4717 7797 7001 4689 9803 2345 5855 5401 7349 183 9675 4465 1045 5367 779 4923 4205 2969 117 2069 2013 7575 6791 1025 8837 7829 9783 299 6125 2295 6513 1239 9103 3159 2301 7819 6261 2687 5159 6809 1961 6455 4853 2237 3803 4311 4649 -1 -1 -1 -1 -1 -1 -1 -1 -1 -1 -1 -1 -1 -1 -1 -1 -1 -1 -1 -1 -1 -1 -1 -1 -1 -1 -1 -1 -1 -1 -1 -1 -1 -1 -1 -1 -1 -1 -1 -1 -1 -1 -1 -1 -1 -1 -1 -1 -1 -1 -1 -1 -1 -1 -1 -1 -1 -1 -1 -1 -1
124 9213 1387 5053 4241 3419 7611 6627 6395 5697 2531 3001 4485 4023 8175 4645 9463 297 5357 4079 5571 7115 1445 7987 7661 9651 2455 1769 6201 3857 6731 8013 4137 4401 6281 1273 6445 2005 5437 3939 3421 9225 5045 4123 4441 255 3077 4895 5689 693 4169 7017 5619 9909 7899 1413 1631 5149 2671 2649 3585 703 1005 2175 -1 -1 -1 -1 -1 -1 -1 -1 -1 -1 -1 -1 -1 -1 -1 -1 -1 -1 -1 -1 -1 -1 -1 -1 -1 -1 -1 -1 -1 -1 -1 -1 -1 -1 -1 -1 -1 -1 -1 -1 -1 -1 -1 -1 -1 -1 -1 -1 -1 -1 -1 -1 -1 -1 -1 -1 -1 -1 -1 -1 -1
124 5880 2709 5993 6427 5195 5707 2209 8405 2635 281 1781 4043 4115 959 2275 2561 3179 5413 7365 9793 8957 5627 5299 9457 197 2545 3593 2271 1179 2233 7289 2895 4921 337 377 5509 1279 6181 493 1599 9041 1169 2449 8749 3299 3469 593 2763 1147 3893 981 645 1589 3549 2977 715 373 4587 689 7531 2817 3871 539 -1 -1 -1 -1 -1 -1 -1 -1 -1 -1 -1 -1 -1 -1 -1 -1 -1 -1 -1 -1 -1 -1 -1 -1 -1 -1 -1 -1 -1 -1 -1 -1 -1 -1 -1 -1 -1 -1 -1 -1 -1 -1 -1 -1 -1 -1 -1 -1 -1 -1 -1 -1 -1 -1 -1 -1 -1 -1 -1 -1 -1
124 7258 6565 8115 8583 2189 8539 7961 387 7633 8349 6917 8509 5109 9931 8941 9763 8665 8565 9067 5311 393 9939 1943 5141 4933 8293 4107 8873 6675 1095 6707 8577 6753 1341 6761 6487 8297 7673 933 2489 4603 7839 8365 7009 2779 1489 2691 175 401 9399 23 8215 5303 6815 2451 3877 5245 1065 7121 4913 1355 4131 5155 -1 -1 -1 -1 -1 -1 -1 -1 -1 -1 -1 -1 -1 -1 -1 -1 -1 -1 -1 -1 -1 -1 -1 -1 -1 -1 -1 -1 -1 -1 -1 -1 -1 -1 -1 -1 -1 -1 -1 -1 -1 -1 -1 -1 -1 -1 -1 -1 -1 -1 -1 -1 -1 -1 -1 -1 -1 -1 -1 -1 -1
124 4229 3393 4565 6549 9725 6991 3461 1493 8361 4421 3391 7969 5723 2907 8223 3175 9691 9405 501 8661 1281 5877 6079 8735 9119 7529 3375 2987 1991 2417 4473 4819 1639 2965 9391 1345 3043 8741 1577 4871 185 1167 1401 9645 6507 9605 4369 6273 4821 1729 1421 9417 6399 4085 2559 1825 4771 5135 6783 5713 2897 6807 3951 -1 -1 -1 -1 -1 -1 -1 -1 -1 -1 -1 -1 -1 -1 -1 -1 -1 -1 -1 -1 -1 -1 -1 -1 -1 -1 -1 -1 -1 -1 -1 -1 -1 -1 -1 -1 -1 -1 -1 -1 -1 -1 -1 -1 -1 -1 -1 -1 -1 -1 -1 -1 -1 -1 -1 -1 -1 -1 -1 -1 -1
124 4793 8295 9843 7643 8849 2017 3247 2409 4637 9125 5569 8345 9497 8479 4037 9249 4181 4259 5541 637 9287 5063 3431 7945 4797 5287 2937 7579 9735 1629 8221 4171 4175 7087 7011 2337 7163 4803 7641 4201 5305 1449 5231 6197 7603 2375 449 1879 5549 6975 8441 1915 8981 1349 6971 147 5737 1455 4359 9521 2119 4507 8131 -1 -1 -1 -1 -1 -1 -1 -1 -1 -1 -1 -1 -1 -1 -1 -1 -1 -1 -1 -1 -1 -1 -1 -1 -1 -1 -1 -1 -1 -1 -1 -1 -1 -1 -1 -1 -1 -1 -1 -1 -1 -1 -1 -1 -1 -1 -1 -1 -1 -1 -1 -1 -1 -1 -1 -1 -1 -1 -1 -1 -1
124 7157 9947 8459 7135 6589 8231 8531 7773 1587 9955 6959 9387 9733 6189 35 569 5013 3557 1021 7423 7607 9019 6433 3759 6347 1503 4315 7793 1275 4295 2021 1223 1459 5041 7427 5037 6949 9919 5973 6541 2735 7043 6365 4879 4353 8575 1151 3359 4145 3085 1691 3519 6493 7689 3143 5995 155 391 8277 6141 973 3609 7743 -1 -1 -1 -1 -1 -1 -1 -1 -1 -1 -1 -1 -1 -1 -1 -1 -1 -1 -1 -1 -1 -1 -1 -1 -1 -1 -1 -1 -1 -1 -1 -1 -1 -1 -1 -1 -1 -1 -1 -1 -1 -1 -1 -1 -1 -1 -1 -1 -1 -1 -1 -1 -1 -1 -1 -1 -1 -1 -1 -1 -1
124 4957 8107 8153 9315 7265 9589 4779 7699 9531 5867 3185 1417 1161 3567 9347 3441 9299 5435 9351 9219 9263 4721 6727 9437 2785 6409 7025 5353 4761 8523 4769 4495 6229 7707 4309 1019 5857 4881 2107 93 6607 9945 2371 6499 2945 8053 2931 1479 4683 6313 8145 5407 5219 6999 5729 2251 4025 3897 761 3287 1695 9071 5869 -1 -1 -1 -1 -1 -1 -1 -1 -1 -1 -1 -1 -1 -1 -1 -1 -1 -1 -1 -1 -1 -1 -1 -1 -1 -1 -1 -1 -1 -1 -1 -1 -1 -1 -1 -1 -1 -1 -1 -1 -1 -1 -1 -1 -1 -1 -1 -1 -1 -1 -1 -1 -1 -1 -1 -1 -1 -1 -1 -1 -1
124 2571 5139 9447 6129 895 8051 9679 7383 4087 7973 5029 5875 9807 9533 3925 769 4099 3177 9189 8321 2765 5583 8271 9995 9265 2289 7795 9109 619 1603 7081 915 2827 219 5955 6697 2651 2701 3887 7609 8677 9395 1935 9905 8891 2429 3471 3741 5113 1077 2751 3511 2483 309 5725 2129 4307 8023 9543 4823 633 3681 4219 -1 -1 -1 -1 -1 -1 -1 -1 -1 -1 -1 -1 -1 -1 -1 -1 -1 -1 -1 -1 -1 -1 -1 -1 -1 -1 -1 -1 -1 -1 -1 -1 -1 -1 -1 -1 -1 -1 -1 -1 -1 -1 -1 -1 -1 -1 -1 -1 -1 -1 -1 -1 -1 -1 -1 -1 -1 -1 -1 -1 -1
124 9286 8477 9397 1339 2419 8519 379 4455 5991 8581 6811 1671 3731 5517 7919 3037 6937 2485 8205 8545 7371 2253 2551 7181 5563 8773 5497 7953 5683 2757 5079 6979 9805 7223 5891 2731 3281 5811 3411 6561 941 767 713 3605 2103 8225 3697 3387 7147 1221 8339 3019 3969 615 2573 321 3795 8907 911 2037 55 2533 2035 -1 -1 -1 -1 -1 -1 -1 -1 -1 -1 -1 -1 -1 -1 -1 -1 -1 -1 -1 -1 -1 -1 -1 -1 -1 -1 -1 -1 -1 -1 -1 -1 -1 -1 -1 -1 -1 -1 -1 -1 -1 -1 -1 -1 -1 -1 -1 -1 -1 -1 -1 -1 -1 -1 -1 -1 -1 -1 -1 -1 -1
124 5925 8357 8049 9721 6477 7879 9615 6553 7929 6265 4759 8483 9627 9563 2181 5463 9975 5373 3967 27 8351 5979 7791 2653 195 2467 8751 7627 5491 8355 3351 2267 2793 1287 4283 2833 7537 617 825 6133 2703 8487 1811 7189 1601 851 5675 5417 3601 4213 8783 3847 3899 1681 3787 3679 5907 1927 3083 9253 6255 5515 6351 -1 -1 -1 -1 -1 -1 -1 -1 -1 -1 -1 -1 -1 -1 -1 -1 -1 -1 -1 -1 -1 -1 -1 -1 -1 -1 -1 -1 -1 -1 -1 -1 -1 -1 -1 -1 -1 -1 -1 -1 -1 -1 -1 -1 -1 -1 -1 -1 -1 -1 -1 -1 -1 -1 -1 -1 -1 -1 -1 -1 -1
124 4524 8333 9195 9847 7585 3659 7255 8585 1857 6489 7639 8801 1225 2423 3987 5087 5523 8451 5505 3349 5957 7313 9139 2741 2637 5899 6947 4329 9151 1295 9153 8301 613 8421 9537 7287 7329 8437 4599 1013 371 9429 3811 1365 1875 3721 411 563 419 1255 8689 8061 2131 4519 1175 3743 2803 4749 8389 5411 3003 6517 5611 -1 -1 -1 -1 -1 -1 -1 -1 -1 -1 -1 -1 -1 -1 -1 -1 -1 -1 -1 -1 -1 -1 -1 -1 -1 -1 -1 -1 -1 -1 -1 -1 -1 -1 -1 -1 -1 -1 -1 -1 -1 -1 -1 -1 -1 -1 -1 -1 -1 -1 -1 -1 -1 -1 -1 -1 -1 -1 -1 -1 -1
124 9259 7811 8709 8879 6465 913 5131 8121 6577 9311 9381 87 3977 5545 8235 8723 1661 9043 2777 4707 4569 301 499 2993 9361 6955 1277 2285 5909 6901 7877 7127 631 143 5853 63 901 1469 1177 6861 9757 353 5635 3945 5111 4605 7333 9357 9713 1761 8177 5961 7157 7979 7597 4811 1593 6653 6755 1525 2809 503 2925 -1 -1 -1 -1 -1 -1 -1 -1 -1 -1 -1 -1 -1 -1 -1 -1 -1 -1 -1 -1 -1 -1 -1 -1 -1 -1 -1 -1 -1 -1 -1 -1 -1 -1 -1 -1 -1 -1 -1 -1 -1 -1 -1 -1 -1 -1 -1 -1 -1 -1 -1 -1 -1 -1 -1 -1 -1 -1 -1 -1 -1
123 6687 9337 9301 7651 4745 5455 9029 7809 5441 2661 2045 4159 599 1425 7583 3261 797 4959 7221 4423 9927 1501 2231 6097 43 2799 8161 8655 2477 3781 191 3183 2015 3745 1659 3163 4501 2227 5871 7021 3137 5403 699 6481 2203 3015 5849 7319 2481 1693 5827 2363 2377 7913 65 4199 8269 6795 2973 2099 4003 1931 4909 -1 -1 -1 -1 -1 -1 -1 -1 -1 -1 -1 -1 -1 -1 -1 -1 -1 -1 -1 -1 -1 -1 -1 -1 -1 -1 -1 -1 -1 -1 -1 -1 -1 -1 -1 -1 -1 -1 -1 -1 -1 -1 -1 -1 -1 -1 -1 -1 -1 -1 -1 -1 -1 -1 -1 -1 -1 -1 -1 -1
123 1631 3023 8003 6637 7927 661 3147 9811 7985 8903 7037 7179 1749 2009 8673 6297 5937 8015 7281 9875 5681 1383 9279 6001 9699 7205 2645 7401 553 4031 6233 5103 6331 3021 9971 8439 7813 6511 7867 507 8835 8497 7613 5181 9433 7965 2787 5745 4613 601 2711 285 1873 7635 2535 3313 3457 6963 2747 2981 7361 8195 6605 -1 -1 -1 -1 -1 -1 -1 -1 -1 -1 -1 -1 -1 -1 -1 -1 -1 -1 -1 -1 -1 -1 -1 -1 -1 -1 -1 -1 -1 -1 -1 -1 -1 -1 -1 -1 -1 -1 -1 -1 -1 -1 -1 -1 -1 -1 -1 -1 -1 -1 -1 -1 -1 -1 -1 -1 -1 -1 -1 -1
123 5914 339 8067 3555 6543 8329 1883 4557 6227 9121 4187 9559 8465 723 7393 3589 8163 1627 5579 1529 6941 9163 4893 9401 9177 5009 7389 5493 4451 8817 6865 6843 7249 2677 4725 4693 409 8915 3693 4273 5059 8765 105 6523 3955 6473 6647 4533 4681 1859 1265 4735 7227 1975 5789 6299 4667 329 1195 3905 1751 1957 199 -1 -1 -1 -1 -1 -1 -1 -1 -1 -1 -1 -1 -1 -1 -1 -1 -1 -1 -1 -1 -1 -1 -1 -1 -1 -1 -1 -1 -1 -1 -1 -1 -1 -1 -1 -1 -1 -1 -1 -1 -1 -1 -1 -1 -1 -1 -1 -1 -1 -1 -1 -1 -1 -1 -1 -1 -1 -1 -1 -1
123 7778 9261 7251 2047 8713 865 3619 8431 3633 6237 6853 3895 4125 8093 4885 4239 2553 7275 4567 9943 2425 2159 5837 5673 1847 3027 1237 4253 6661 7405 3071 9271 2953 4191 6391 4305 7971 5851 8725 9155 7771 7331 4851 9657 1197 3577 7517 8407 5253 949 1703 2599 731 485 2365 5065 403 4643 2623 3039 3709 267 3225 -1 -1 -1 -1 -1 -1 -1 -1 -1 -1 -1 -1 -1 -1 -1 -1 -1 -1 -1 -1 -1 -1 -1 -1 -1 -1 -1 -1 -1 -1 -1 -1 -1 -1 -1 -1 -1 -1 -1 -1 -1 -1 -1 -1 -1 -1 -1 -1 -1 -1 -1 -1 -1 -1 -1 -1 -1 -1 -1 -1
123 8915 9849 7475 1581 6723 2715 5133 4111 7111 9187 4477 7385 4563 2381 8309 8699 1427 7225 2529 2493 7997 4325 6533 8043 8969 6371 8395 5199 4615 9937 8671 2585 9095 1075 929 7873 6805 9841 3855 3433 8135 4041 4555 7467 6071 7129 1713 8245 2215 3033 905 1039 2309 3049 331 3547 4157 9577 241 2127 5873 3271 2061 -1 -1 -1 -1 -1 -1 -1 -1 -1 -1 -1 -1 -1 -1 -1 -1 -1 -1 -1 -1 -1 -1 -1 -1 -1 -1 -1 -1 -1 -1 -1 -1 -1 -1 -1 -1 -1 -1 -1 -1 -1 -1 -1 -1 -1 -1 -1 -1 -1 -1 -1 -1 -1 -1 -1 -1 -1 -1 -1 -1
123 7137 9039 9353 21 9761 5793 9451 3825 7003 6927 7883 9505 3499 1851 2675 2807 8805 1955 8745 7325 9365 9935 6353 1333 8335 9633 5629 5813 6929 3819 6801 3309 227 1483 7589 6291 5895 9469 6829 9467 2205 7675 7343 9485 4985 265 3613 489 4629 6597 1583 859 7655 2443 6221 3363 6123 129 3479 2783 1725 229 5941 -1 -1 -1 -1 -1 -1 -1 -1 -1 -1 -1 -1 -1 -1 -1 -1 -1 -1 -1 -1 -1 -1 -1 -1 -1 -1 -1 -1 -1 -1 -1 -1 -1 -1 -1 -1 -1 -1 -1 -1 -1 -1 -1 -1 -1 -1 -1 -1 -1 -1 -1 -1 -1 -1 -1 -1 -1 -1 -1 -1
123 3706 7507 8027 6485 6613 9891 4781 6311 7749 9957 7705 5657 8899 6359 5965 9881 8087 7513 8171 9899 4297 6435 1721 9293 6355 2789 7567 2111 5295 6119 3777 7175 9471 4457 9031 4783 7133 6013 6413 4193 6179 4763 247 7063 1993 4257 9661 2059 3655 6017 4867 6849 2089 2287 7283 4875 6881 6845 6203 3687 3849 6741 4439 -1 -1 -1 -1 -1 -1 -1 -1 -1 -1 -1 -1 -1 -1 -1 -1 -1 -1 -1 -1 -1 -1 -1 -1 -1 -1 -1 -1 -1 -1 -1 -1 -1 -1 -1 -1 -1 -1 -1 -1 -1 -1 -1 -1 -1 -1 -1 -1 -1 -1 -1 -1 -1 -1 -1 -1 -1 -1 -1 -1
123 4132 9473 8995 8845 9789 6837 7141 9491 5301 8769 8733 4981 8893 4927 239 8695 8449 2149 6425 6645 7083 9413 8429 2479 6031 5661 3975 5329 335 9501 6491 8999 3475 5209 887 4715 8861 2235 2379 4929 6283 899 9319 1059 9329 2213 8921 5033 855 6599 1967 4217 3237 177 3529 6547 3771 2067 6665 7861 7449 4057 7153 -1 -1 -1 -1 -1 -1 -1 -1 -1 -1 -1 -1 -1 -1 -1 -1 -1 -1 -1 -1 -1 -1 -1 -1 -1 -1 -1 -1 -1 -1 -1 -1 -1 -1 -1 -1 -1 -1 -1 -1 -1 -1 -1 -1 -1 -1 -1 -1 -1 -1 -1 -1 -1 -1 -1 -1 -1 -1 -1 -1
123 6158 9375 8697 3995 9775 8461 683 9131 7663 109 9525 8813 6833 8501 6245 1753 1855 6695 2775 5395 6211 5167 7273 2225 701 3193 5127 9667 3725 2415 8411 3537 2383 1953 3535 3515 6205 6969 2197 7887 7845 3381 3647 1171 2927 1645 2835 5889 2911 2293 7369 9979 4453 3607 1153 5621 1575 2949 9637 8073 2177 2019 881 -1 -1 -1 -1 -1 -1 -1 -1 -1 -1 -1 -1 -1 -1 -1 -1 -1 -1 -1 -1 -1 -1 -1 -1 -1 -1 -1 -1 -1 -1 -1 -1 -1 -1 -1 -1 -1 -1 -1 -1 -1 -1 -1 -1 -1 -1 -1 -1 -1 -1 -1 -1 -1 -1 -1 -1 -1 -1 -1 -1
123 7857 8983 5229 8005 3191 7939 2621 8285 1051 5297 6091 8097 8315 5267 9669 8847 6449 9339 5077 9393 9587 1643 629 7671 7669 4665 9903 7453 5613 7101 3489 2495 1755 4373 1079 725 5717 8035 443 609 9115 6089 6457 1979 3065 4255 2673 919 3917 9865 1211 4053 2187 8423 4919 1747 2195 3025 8373 1635 1513 2199 4839 -1 -1 -1 -1 -1 -1 -1 -1 -1 -1 -1 -1 -1 -1 -1 -1 -1 -1 -1 -1 -1 -1 -1 -1 -1 -1 -1 -1 -1 -1 -1 -1 -1 -1 -1 -1 -1 -1 -1 -1 -1 -1 -1 -1 -1 -1 -1 -1 -1 -1 -1 -1 -1 -1 -1 -1 -1 -1 -1 -1
123 9430 9147 7279 3207 9693 9055 8515 5659 8573 8263 9925 603 691 6779 9059 9197 3409 9101 5575 333 8327 2665 4539 2243 113 7923 1495 3959 1163 2163 9259 2689 3739 983 6035 527 4969 5769 69 3367 6719 1293 6897 4445 6635 5391 2917 4067 1567 3763 3385 9853 6049 7117 4561 5213 2641 1129 1249 461 6529 8553 7069 -1 -1 -1 -1 -1 -1 -1 -1 -1 -1 -1 -1 -1 -1 -1 -1 -1 -1 -1 -1 -1 -1 -1 -1 -1 -1 -1 -1 -1 -1 -1 -1 -1 -1 -1 -1 -1 -1 -1 -1 -1 -1 -1 -1 -1 -1 -1 -1 -1 -1 -1 -1 -1 -1 -1 -1 -1 -1 -1 -1
123 5600 4069 8505 6037 6249 7023 6257 163 2567 8445 9091 3827 3239 4203 3063 8261 6615 8537 8775 1247 7193 3707 8469 3417 6183 7013 1389 3091 6271 2055 1103 97 4787 7827 3169 1815 7909 399 5785 1301 4571 5597 9093 67 6063 1261 1899 6171 2947 4975 2875 741 2359 3525 2541 2659 5247 6459 1423 5337 343 347 1081 -1 -1 -1 -1 -1 -1 -1 -1 -1 -1 -1 -1 -1 -1 -1 -1 -1 -1 -1 -1 -1 -1 -1 -1 -1 -1 -1 -1 -1 -1 -1 -1 -1 -1 -1 -1 -1 -1 -1 -1 -1 -1 -1 -1 -1 -1 -1 -1 -1 -1 -1 -1 -1 -1 -1 -1 -1 -1 -1 -1
123 960 8159 8985 7599 5655 1619 8997 5651 3961 7869 9731 8631 9327 8559 2063 5105 7363 6851 2577 575 7185 6535 5461 2391 6763 1319 1543 8041 6655 8409 6437 6721 1431 1453 721 5433 5733 9143 4377 9441 7123 571 165 777 1017 625 4365 3683 1519 5761 5393 3327 6045 2759 5241 4265 5759 2593 111 5025 3629 3677 2261 -1 -1 -1 -1 -1 -1 -1 -1 -1 -1 -1 -1 -1 -1 -1 -1 -1 -1 -1 -1 -1 -1 -1 -1 -1 -1 -1 -1 -1 -1 -1 -1 -1 -1 -1 -1 -1 -1 -1 -1 -1 -1 -1 -1 -1 -1 -1 -1 -1 -1 -1 -1 -1 -1 -1 -1 -1 -1 -1 -1
123 9321 8283 2733 7989 3329 891 8533 7155 7855 3989 729 5949 4931 1393 5325 1391 7733 3761 395 651 7555 8069 7479 3161 169 283 7395 9625 6891 7407 1989 6177 5637 4663 8255 211 719 937 7783 7091 3867 8133 5211 7765 6735 1795 5747 2465 475 7299 157 749 1945 3069 6879 2681 6295 999 9819 3211 1621 4651 89 -1 -1 -1 -1 -1 -1 -1 -1 -1 -1 -1 -1 -1 -1 -1 -1 -1 -1 -1 -1 -1 -1 -1 -1 -1 -1 -1 -1 -1 -1 -1 -1 -1 -1 -1 -1 -1 -1 -1 -1 -1 -1 -1 -1 -1 -1 -1 -1 -1 -1 -1 -1 -1 -1 -1 -1 -1 -1 -1 -1
123 1688 9771 6531 6077 5163 2171 6471 9665 655 5371 4965 6207 5119 7571 9051 6081 1165 9621 7539 6641 9275 9217 5381 9205 4979 6153 2647 2871 4431 3667 7659 6163 1385 445 7457 1723 5767 627 3357 9185 4269 4013 8343 5997 8485 3389 1359 8963 7131 1773 1123 383 495 2331 201 6157 8279 2341 4119 8075 6643 5239 3335 -1 -1 -1 -1 -1 -1 -1 -1 -1 -1 -1 -1 -1 -1 -1 -1 -1 -1 -1 -1 -1 -1 -1 -1 -1 -1 -1 -1 -1 -1 -1 -1 -1 -1 -1 -1 -1 -1 -1 -1 -1 -1 -1 -1 -1 -1 -1 -1 -1 -1 -1 -1 -1 -1 -1 -1 -1 -1 -1 -1
123 3805 4141 8265 1353 259 6667 8019 2941 7351 7137 5351 8207 3779 4355 8683 8953 7561 9211 8685 37 7755 1433 6403 5069 1125 7443 6797 2771 5639 9285 3521 2605 3831 2273 5787 6007 2851 3841 257 4899 9443 4323 1977 465 3927 277 2303 2329 7041 2151 8081 511 137 4015 5923 1257 1329 2557 8767 1283 1705 7 6135 -1 -1 -1 -1 -1 -1 -1 -1 -1 -1 -1 -1 -1 -1 -1 -1 -1 -1 -1 -1 -1 -1 -1 -1 -1 -1 -1 -1 -1 -1 -1 -1 -1 -1 -1 -1 -1 -1 -1 -1 -1 -1 -1 -1 -1 -1 -1 -1 -1 -1 -1 -1 -1 -1 -1 -1 -1 -1 -1 -1
123 4371 4527 9781 7403 6439 3909 7617 5513 3643 1707 4435 9529 8489 3891 5487 1155 7473 2353 1429 1987 2597 1973 3205 8633 8877 8117 4185 6729 6623 6383 3425 1007 2929 3407 9235 815 3307 4655 5589 4607 5721 4285 7717 811 3095 2873 7565 2299 771 4165 7665 4321 8561 9307 2081 275 4499 2219 1181 4221 5075 8025 3041 -1 -1 -1 -1 -1 -1 -1 -1 -1 -1 -1 -1 -1 -1 -1 -1 -1 -1 -1 -1 -1 -1 -1 -1 -1 -1 -1 -1 -1 -1 -1 -1 -1 -1 -1 -1 -1 -1 -1 -1 -1 -1 -1 -1 -1 -1 -1 -1 -1 -1 -1 -1 -1 -1 -1 -1 -1 -1 -1 -1
123 8542 743 3403 7421 7103 7093 7433 9335 5843 6235 7559 6571 1091 3623 7311 1183 9069 7543 15 7505 8643 161 7911 7059 8701 4035 6967 9373 7739 8105 7853 6919 5469 6617 7983 2819 2957 2565 9715 6925 9907 3429 4549 8819 1443 9697 2845 8113 4411 4897 2183 2125 8419 1537 6209 4375 1871 4829 9571 437 1305 455 3753 -1 -1 -1 -1 -1 -1 -1 -1 -1 -1 -1 -1 -1 -1 -1 -1 -1 -1 -1 -1 -1 -1 -1 -1 -1 -1 -1 -1 -1 -1 -1 -1 -1 -1 -1 -1 -1 -1 -1 -1 -1 -1 -1 -1 -1 -1 -1 -1 -1 -1 -1 -1 -1 -1 -1 -1 -1 -1 -1 -1
123 839 8635 6223 1061 5129 8547 5547 6069 4591 9431 6821 1831 5865 2985 7413 6453 4773 2963 8305 307 5609 3467 5603 9871 5847 8241 9493 9869 1841 8289 9099 3661 4863 8367 2029 5151 3835 7601 2813 1485 805 5071 4077 3665 5319 923 787 145 4021 7701 6111 1891 839 7075 5475 4935 5765 8251 1085 9215 5567 7215 897 -1 -1 -1 -1 -1 -1 -1 -1 -1 -1 -1 -1 -1 -1 -1 -1 -1 -1 -1 -1 -1 -1 -1 -1 -1 -1 -1 -1 -1 -1 -1 -1 -1 -1 -1 -1 -1 -1 -1 -1 -1 -1 -1 -1 -1 -1 -1 -1 -1 -1 -1 -1 -1 -1 -1 -1 -1 -1 -1 -1
123 8491 8503 4395 4399 9489 3423 1813 375 3993 9023 4189 3957 5559 7835 7881 4995 6367 7241 1139 9229 4449 5833 9057 2543 6767 3881 2307 733 5349 1527 6581 7967 7345 6899 8481 4385 1235 3543 943 7587 4849 7937 2487 3985 3963 1647 5027 1889 8167 4047 5019 8777 1607 7211 6293 39 9513 1285 357 9123 753 4697 2191 -1 -1 -1 -1 -1 -1 -1 -1 -1 -1 -1 -1 -1 -1 -1 -1 -1 -1 -1 -1 -1 -1 -1 -1 -1 -1 -1 -1 -1 -1 -1 -1 -1 -1 -1 -1 -1 -1 -1 -1 -1 -1 -1 -1 -1 -1 -1 -1 -1 -1 -1 -1 -1 -1 -1 -1 -1 -1 -1 -1
123 5367 3345 2569 9885 9599 9997 8737 8447 9045 3293 9915 1563 4463 7729 8217 9755 2041 4611 9921 2263 7637 9323 9379 3133 3873 9845 7785 6651 4553 9649 6469 4011 7005 8275 3733 5755 979 8463 3371 3311 4055 1547 7267 875 3413 425 4543 1015 3245 5039 2461 995 1545 4381 7375 2373 6519 525 837 9201 7301 3813 3793 -1 -1 -1 -1 -1 -1 -1 -1 -1 -1 -1 -1 -1 -1 -1 -1 -1 -1 -1 -1 -1 -1 -1 -1 -1 -1 -1 -1 -1 -1 -1 -1 -1 -1 -1 -1 -1 -1 -1 -1 -1 -1 -1 -1 -1 -1 -1 -1 -1 -1 -1 -1 -1 -1 -1 -1 -1 -1 -1 -1
123 2080 8961 121 6671 2685 6193 2507 1337 3497 3599 1511 8623 6317 4891 8259 977 7341 7687 8319 3727 2297 4017 4809 1267 9075 8387 1313 1779 3269 763 4251 1797 781 9171 8625 2473 2319 9583 8663 2161 3243 1557 2915 8173 1325 4493 9267 4941 2705 2349 7941 6127 9309 1087 459 4989 5259 3505 759 647 6687 4427 7821 -1 -1 -1 -1 -1 -1 -1 -1 -1 -1 -1 -1 -1 -1 -1 -1 -1 -1 -1 -1 -1 -1 -1 -1 -1 -1 -1 -1 -1 -1 -1 -1 -1 -1 -1 -1 -1 -1 -1 -1 -1 -1 -1 -1 -1 -1 -1 -1 -1 -1 -1 -1 -1 -1 -1 -1 -1 -1 -1 -1
123 3251 1011 7269 8363 7061 8233 3317 5677 9085 945 975 8929 6527 3105 6551 5679 9569 6983 8379 33 3833 6649 829 6275 8193 6813 5291 4535 5691 523 4097 8945 6505 2669 1269 5263 5703 9435 1205 4247 6011 7801 3591 2445 8951 5693 385 9047 2995 6289 5699 73 1435 4223 2519 935 9345 6823 4551 663 2223 3953 -1 -1 -1 -1 -1 -1 -1 -1 -1 -1 -1 -1 -1 -1 -1 -1 -1 -1 -1 -1 -1 -1 -1 -1 -1 -1 -1 -1 -1 -1 -1 -1 -1 -1 -1 -1 -1 -1 -1 -1 -1 -1 -1 -1 -1 -1 -1 -1 -1 -1 -1 -1 -1 -1 -1 -1 -1 -1 -1 -1 -1
123 985 5777 9527 9911 1893 6087 6067 4179 4167 2639 907 9081 9619 7213 9741 4225 7863 8901 2611 3167 751 439 4001 3561 8393 8047 2145 9445 7711 131 5913 6895 2025 3181 6537 9701 7737 6587 4089 1981 3863 4049 5125 1553 8001 5781 9001 6225 2315 6093 5429 9183 4051 3883 809 1969 6059 4961 4177 5495 2667 9053 -1 -1 -1 -1 -1 -1 -1 -1 -1 -1 -1 -1 -1 -1 -1 -1 -1 -1 -1 -1 -1 -1 -1 -1 -1 -1 -1 -1 -1 -1 -1 -1 -1 -1 -1 -1 -1 -1 -1 -1 -1 -1 -1 -1 -1 -1 -1 -1 -1 -1 -1 -1 -1 -1 -1 -1 -1 -1 -1 -1 -1
123 4360 5591 2725 9541 1241 5645 8089 8401 1881 1869 5011 8571 2075 4545 9321 7915 8607 9977 6557 7549 833 1115 6993 3575 1663 6773 2277 7253 5527 8385 7293 9769 4121 1913 1097 4361 1677 1089 819 3135 7245 1119 355 4751 1055 8141 5821 4843 3889 955 2173 361 6401 5649 7875 9369 1817 365 9439 589 2185 6369 -1 -1 -1 -1 -1 -1 -1 -1 -1 -1 -1 -1 -1 -1 -1 -1 -1 -1 -1 -1 -1 -1 -1 -1 -1 -1 -1 -1 -1 -1 -1 -1 -1 -1 -1 -1 -1 -1 -1 -1 -1 -1 -1 -1 -1 -1 -1 -1 -1 -1 -1 -1 -1 -1 -1 -1 -1 -1 -1 -1 -1
123 7183 9519 9965 6121 5385 7677 2083 9717 209 5289 3615 5967 9897 5405 9289 9567 2049 8521 4729 3481 5363 8399 6871 8371 3579 3153 3531 7493 667 8889 5617 5415 5939 5797 7703 3353 2367 45 1259 4227 3649 8979 9245 969 1611 7171 3449 8789 5903 675 9607 2889 775 5643 1113 1507 4865 5465 9107 5215 3447 101 -1 -1 -1 -1 -1 -1 -1 -1 -1 -1 -1 -1 -1 -1 -1 -1 -1 -1 -1 -1 -1 -1 -1 -1 -1 -1 -1 -1 -1 -1 -1 -1 -1 -1 -1 -1 -1 -1 -1 -1 -1 -1 -1 -1 -1 -1 -1 -1 -1 -1 -1 -1 -1 -1 -1 -1 -1 -1 -1 -1 -1
123 7411 3165 4509 6883 6309 413 677 9025 5377 3695 2861 4597 435 8569 7947 783 5775 3273 8517 9585 6965 5499 3151 1689 1117 133 5277 8563 7487 4275 7307 2165 5921 5531 4243 8943 3715 3235 2335 2327 7615 3597 7379 5561 139 5977 3277 5313 1699 1371 1827 7859 9251 8843 3903 4327 6251 3611 4417 7099 369 1949 -1 -1 -1 -1 -1 -1 -1 -1 -1 -1 -1 -1 -1 -1 -1 -1 -1 -1 -1 -1 -1 -1 -1 -1 -1 -1 -1 -1 -1 -1 -1 -1 -1 -1 -1 -1 -1 -1 -1 -1 -1 -1 -1 -1 -1 -1 -1 -1 -1 -1 -1 -1 -1 -1 -1 -1 -1 -1 -1 -1 -1
123 6303 7173 5439 7933 51 6909 8851 5269 2843 8939 9077 3379 4357 135 9933 2211 2899 9487 6143 381 8299 7803 5193 4691 849 9499 9355 9079 5951 1609 671 9951 509 1159 8493 1821 8823 6441 6933 9507 5423 2613 3627 3141 5265 7573 6109 6693 273 2821 7113 1409 8825 3415 1509 4405 1911 2283 4737 7499 8529 7031 -1 -1 -1 -1 -1 -1 -1 -1 -1 -1 -1 -1 -1 -1 -1 -1 -1 -1 -1 -1 -1 -1 -1 -1 -1 -1 -1 -1 -1 -1 -1 -1 -1 -1 -1 -1 -1 -1 -1 -1 -1 -1 -1 -1 -1 -1 -1 -1 -1 -1 -1 -1 -1 -1 -1 -1 -1 -1 -1 -1 -1
123 3427 8181 8375 3009 8203 9385 9383 9629 709 225 9631 5107 9859 8021 5743 7417 2609 5307 641 7591 867 2909 6107 8763 7071 2549 3355 1717 687 7843 9825 8787 6041 9495 1133 3663 1073 7963 4999 3809 4531 81 223 3209 1709 1785 6219 1289 2105 1157 6073 5073 3109 2397 755 801 1357 5739 3303 7757 7261 1783 -1 -1 -1 -1 -1 -1 -1 -1 -1 -1 -1 -1 -1 -1 -1 -1 -1 -1 -1 -1 -1 -1 -1 -1 -1 -1 -1 -1 -1 -1 -1 -1 -1 -1 -1 -1 -1 -1 -1 -1 -1 -1 -1 -1 -1 -1 -1 -1 -1 -1 -1 -1 -1 -1 -1 -1 -1 -1 -1 -1 -1
123 5526 5281 6611 6781 5387 6625 8865 8705 5255 7169 2991 8587 4861 7625 5525 7753 3829 8185 3267 5501 5191 9037 127 4143 8433 3563 5795 5845 4491 1591 8471 3011 6113 4245 4161 3113 3059 9017 2655 7645 453 4091 4889 685 4753 2109 9465 1685 4425 2745 9207 319 1909 7977 5599 7151 1411 3325 1001 4675 2097 8669 -1 -1 -1 -1 -1 -1 -1 -1 -1 -1 -1 -1 -1 -1 -1 -1 -1 -1 -1 -1 -1 -1 -1 -1 -1 -1 -1 -1 -1 -1 -1 -1 -1 -1 -1 -1 -1 -1 -1 -1 -1 -1 -1 -1 -1 -1 -1 -1 -1 -1 -1 -1 -1 -1 -1 -1 -1 -1 -1 -1 -1
123 5760 8857 2255 7541 1477 8637 4673 9575 5443 8555 5715 4083 5431 6103 8567 8681 6375 1263 8811 9681 3981 9409 9159 1307 1637 423 785 1559 5815 4869 9833 1451 3097 953 3991 7437 3703 1399 9993 2135 205 4845 3701 8111 7509 1919 8909 7353 3539 7823 3223 1487 1533 6195 1173 4231 673 4459 1801 2385 2053 4151 -1 -1 -1 -1 -1 -1 -1 -1 -1 -1 -1 -1 -1 -1 -1 -1 -1 -1 -1 -1 -1 -1 -1 -1 -1 -1 -1 -1 -1 -1 -1 -1 -1 -1 -1 -1 -1 -1 -1 -1 -1 -1 -1 -1 -1 -1 -1 -1 -1 -1 -1 -1 -1 -1 -1 -1 -1 -1 -1 -1 -1
123 1582 7089 6447 5557 3459 2823 8331 985 5985 9087 9175 6631 7713 3227 9707 8965 8353 5235 9623 4813 6387 505 4027 6259 5883 9475 9295 6869 9777 8063 6429 2011 1965 4229 363 7033 611 2179 181 2761 6943 8033 549 1517 1497 115 1701 4847 153 3791 3843 8679 1233 577 7015 1185 5535 6569 1035 8249 3289 1231 -1 -1 -1 -1 -1 -1 -1 -1 -1 -1 -1 -1 -1 -1 -1 -1 -1 -1 -1 -1 -1 -1 -1 -1 -1 -1 -1 -1 -1 -1 -1 -1 -1 -1 -1 -1 -1 -1 -1 -1 -1 -1 -1 -1 -1 -1 -1 -1 -1 -1 -1 -1 -1 -1 -1 -1 -1 -1 -1 -1 -1
123 7390 5573 2587 5165 5055 3979 8009 2729 737 5947 4709 4341 4073 5261 4249 7297 2595 5831 2903 6593 2975 8781 1041 2615 4007 2539 7327 5805 9551 6875 8391 6385 8779 5539 1719 5375 1651 9241 469 3673 8029 6673 1905 1499 9363 2101 3785 7399 9317 1381 1363 2951 6021 233 707 957 8091 3305 2739 6009 4105 3187 -1 -1 -1 -1 -1 -1 -1 -1 -1 -1 -1 -1 -1 -1 -1 -1 -1 -1 -1 -1 -1 -1 -1 -1 -1 -1 -1 -1 -1 -1 -1 -1 -1 -1 -1 -1 -1 -1 -1 -1 -1 -1 -1 -1 -1 -1 -1 -1 -1 -1 -1 -1 -1 -1 -1 -1 -1 -1 -1 -1 -1
123 7804 6349 6759 4635 7085 7177 6357 3087 9377 8347 7775 2427 6407 965 3291 4065 7201 547 9331 5221 3195 359 2849 9643 4835 7955 5727 1613 6889 61 8895 9737 1569 7459 695 6913 4757 857 2893 4577 1189 5667 7547 1419 4339 5341 6793 681 4943 7623 531 1765 1791 8099 1775 1219 3465 7233 2355 5885 263 4529 -1 -1 -1 -1 -1 -1 -1 -1 -1 -1 -1 -1 -1 -1 -1 -1 -1 -1 -1 -1 -1 -1 -1 -1 -1 -1 -1 -1 -1 -1 -1 -1 -1 -1 -1 -1 -1 -1 -1 -1 -1 -1 -1 -1 -1 -1 -1 -1 -1 -1 -1 -1 -1 -1 -1 -1 -1 -1 -1 -1 -1
123 8042 2719 3805 8101 1245 6977 6139 5175 939 8667 9367 123 4903 9011 7889 8427 2475 2459 8059 7779 7897 7715 5331 1947 4303 1335 9179 9371 5701 9613 3495 9855 2737 6987 871 1523 179 4977 3933 879 1491 7451 5383 2517 7523 1819 543 6241 2657 5057 8369 1789 1633 8971 291 8273 8143 4547 5233 3373 793 2087 -1 -1 -1 -1 -1 -1 -1 -1 -1 -1 -1 -1 -1 -1 -1 -1 -1 -1 -1 -1 -1 -1 -1 -1 -1 -1 -1 -1 -1 -1 -1 -1 -1 -1 -1 -1 -1 -1 -1 -1 -1 -1 -1 -1 -1 -1 -1 -1 -1 -1 -1 -1 -1 -1 -1 -1 -1 -1 -1 -1 -1
123 516 2603 3789 7463 8227 2027 8703 7807 5593 1515 5887 2157 3675 8649 5521 659 4153 3337 8841 9423 4009 5091 607 3217 9407 1837 5421 1995 3621 7337 5137 7727 6747 7167 4873 4291 6167 5249 5607 5007 3689 5819 2091 6055 4701 2811 5333 1809 6405 1649 1985 3319 2317 5709 5687 1063 2085 1271 2155 4093 6887 9213 -1 -1 -1 -1 -1 -1 -1 -1 -1 -1 -1 -1 -1 -1 -1 -1 -1 -1 -1 -1 -1 -1 -1 -1 -1 -1 -1 -1 -1 -1 -1 -1 -1 -1 -1 -1 -1 -1 -1 -1 -1 -1 -1 -1 -1 -1 -1 -1 -1 -1 -1 -1 -1 -1 -1 -1 -1 -1 -1 -1 -1
123 842 8883 8743 2571 6877 4631 1897 3533 8095 467 41 8771 3551 8237 9747 8719 6515 9283 4215 7247 8337 8875 519 3219 2413 8467 8815 4005 8807 2727 1535 927 9129 9089 1437 2279 5999 5835 2393 4101 8325 9113 9273 9049 4371 813 8079 3201 427 8645 1901 7557 5275 873 421 3401 3923 99 5963 2837 6985 1405 -1 -1 -1 -1 -1 -1 -1 -1 -1 -1 -1 -1 -1 -1 -1 -1 -1 -1 -1 -1 -1 -1 -1 -1 -1 -1 -1 -1 -1 -1 -1 -1 -1 -1 -1 -1 -1 -1 -1 -1 -1 -1 -1 -1 -1 -1 -1 -1 -1 -1 -1 -1 -1 -1 -1 -1 -1 -1 -1 -1 -1
123 183 2239 9243 325 9991 3119 9709 5189 2491 3769 6269 367 2431 4993 345 4211 3455 8183 3879 9981 3265 6803 4825 2923 4711 8863 4487 4129 4841 5791 3931 2115 1137 4987 2801 6847 9723 3823 1715 8761 3527 1457 9913 7051 3711 7871 5975 7381 2469 4727 5753 5473 3749 3919 3541 47 1597 1467 9221 727 4859 521 -1 -1 -1 -1 -1 -1 -1 -1 -1 -1 -1 -1 -1 -1 -1 -1 -1 -1 -1 -1 -1 -1 -1 -1 -1 -1 -1 -1 -1 -1 -1 -1 -1 -1 -1 -1 -1 -1 -1 -1 -1 -1 -1 -1 -1 -1 -1 -1 -1 -1 -1 -1 -1 -1 -1 -1 -1 -1 -1 -1 -1
123 4840 483 9969 5485 5801 9333 8397 3253 5623 8937 6495 9959 3343 6137 4815 9073 9929 7981 1 5067 2867 6043 7035 6277 8859 433 8017 8917 7741 7397 8495 773 1683 7747 4741 2421 9461 1297 7243 6831 7471 5359 2881 9659 2707 7469 5803 807 7787 289 6263 5171 7079 159 6145 5605 7165 9765 2795 5207 8675 1141 -1 -1 -1 -1 -1 -1 -1 -1 -1 -1 -1 -1 -1 -1 -1 -1 -1 -1 -1 -1 -1 -1 -1 -1 -1 -1 -1 -1 -1 -1 -1 -1 -1 -1 -1 -1 -1 -1 -1 -1 -1 -1 -1 -1 -1 -1 -1 -1 -1 -1 -1 -1 -1 -1 -1 -1 -1 -1 -1 -1 -1
123 2101 9641 221 1397 6713 3559 3671 8641 5447 4393 3427 3333 8627 6585 1951 7445 6431 6239 2247 5859 6185 83 4671 8731 313 5919 2441 5665 2935 1083 2281 2143 7975 7719 9687 1199 7833 5347 7257 3973 1403 6461 3139 7377 581 6101 8313 5615 4317 5327 5185 311 9593 189 3935 1093 1439 447 1767 8605 2589 3189 -1 -1 -1 -1 -1 -1 -1 -1 -1 -1 -1 -1 -1 -1 -1 -1 -1 -1 -1 -1 -1 -1 -1 -1 -1 -1 -1 -1 -1 -1 -1 -1 -1 -1 -1 -1 -1 -1 -1 -1 -1 -1 -1 -1 -1 -1 -1 -1 -1 -1 -1 -1 -1 -1 -1 -1 -1 -1 -1 -1 -1
123 4230 3323 8755 8919 6117 3773 7039 4593 9617 4589 4971 1865 2033 1623 4505 6835 6939 9455 6169 595 213 2439 6679 8993 9895 6475 4699 7125 5397 947 245 4945 535 3699 5183 3587 4747 4669 4183 1565 3111 561 6199 8381 6339 1735 6771 6681 2505 303 5771 3297 9553 3341 3437 2939 6337 679 4517 8693 6187 3797 -1 -1 -1 -1 -1 -1 -1 -1 -1 -1 -1 -1 -1 -1 -1 -1 -1 -1 -1 -1 -1 -1 -1 -1 -1 -1 -1 -1 -1 -1 -1 -1 -1 -1 -1 -1 -1 -1 -1 -1 -1 -1 -1 -1 -1 -1 -1 -1 -1 -1 -1 -1 -1 -1 -1 -1 -1 -1 -1 -1 -1
123 4514 3035 3233 8037 7545 415 8905 6827 9411 1243 8475 6381 5153 4071 7695 5051 7495 5897 5043 9535 2999 2217 2525 5825 1697 7685 5823 6691 4793 1531 2065 4883 6217 1373 4109 823 7367 4739 8139 3713 5117 7107 3057 2629 3453 1657 4063 149 7461 4541 6857 2781 2079 3259 555 8211 5625 3339 5251 5915 2863 4743 -1 -1 -1 -1 -1 -1 -1 -1 -1 -1 -1 -1 -1 -1 -1 -1 -1 -1 -1 -1 -1 -1 -1 -1 -1 -1 -1 -1 -1 -1 -1 -1 -1 -1 -1 -1 -1 -1 -1 -1 -1 -1 -1 -1 -1 -1 -1 -1 -1 -1 -1 -1 -1 -1 -1 -1 -1 -1 -1 -1 -1
123 8804 9949 8803 3301 5663 9419 8911 3523 9255 3369 6061 9857 7139 9791 4233 8535 3641 8603 9247 3845 4621 4705 8551 5205 9341 7735 5631 7943 7491 2269 7667 5225 3157 9813 5751 7271 3131 5201 4939 431 3553 1145 3029 193 2503 9063 279 6855 2971 4791 1823 1741 5983 2401 1799 2395 75 4627 1303 6057 5223 389 -1 -1 -1 -1 -1 -1 -1 -1 -1 -1 -1 -1 -1 -1 -1 -1 -1 -1 -1 -1 -1 -1 -1 -1 -1 -1 -1 -1 -1 -1 -1 -1 -1 -1 -1 -1 -1 -1 -1 -1 -1 -1 -1 -1 -1 -1 -1 -1 -1 -1 -1 -1 -1 -1 -1 -1 -1 -1 -1 -1 -1
123 780 9555 6131 2463 9027 4963 2831 349 7951 5647 7605 4349 9033 8949 5807 215 7569 5799 7693 6717 9953 5047 2829 8601 3571 2323 3717 8955 4957 8599 1793 9647 351 7759 587 1655 6839 5197 4625 7455 3155 4639 8991 8187 3875 6583 6323 1471 6483 4343 3117 7483 77 9021 5989 3127 8103 6923 3767 3347 1027 1217 -1 -1 -1 -1 -1 -1 -1 -1 -1 -1 -1 -1 -1 -1 -1 -1 -1 -1 -1 -1 -1 -1 -1 -1 -1 -1 -1 -1 -1 -1 -1 -1 -1 -1 -1 -1 -1 -1 -1 -1 -1 -1 -1 -1 -1 -1 -1 -1 -1 -1 -1 -1 -1 -1 -1 -1 -1 -1 -1 -1 -1
