25 3918 3249 6547 633 9133 857 5083 149 1187 6687 1571 2629 2833 5273 -1 -1 -1 -1 -1 -1 -1 -1 -1 -1 -1
25 8932 7687 2399 2033 4699 1603 3999 5357 9801 4015 8011 1801 7673 7375 -1 -1 -1 -1 -1 -1 -1 -1 -1 -1 -1
25 3249 303 2783 3721 3465 7857 5023 6387 1533 7233 4215 3633 5753 7713 -1 -1 -1 -1 -1 -1 -1 -1 -1 -1 -1
25 7687 2297 4679 1269 1101 5635 889 519 9945 917 5321 7423 383 8163 -1 -1 -1 -1 -1 -1 -1 -1 -1 -1 -1
25 4984 9405 4153 3993 7837 1431 1383 8669 185 3431 1091 9887 1147 2441 -1 -1 -1 -1 -1 -1 -1 -1 -1 -1 -1
25 1384 837 655 8367 459 7659 9205 7635 3545 4889 2795 307 1195 391 -1 -1 -1 -1 -1 -1 -1 -1 -1 -1 -1
25 9090 7005 6409 1079 967 3509 4487 9193 4831 1765 9149 9147 3931 6271 -1 -1 -1 -1 -1 -1 -1 -1 -1 -1 -1
25 3276 4435 3833 559 7187 6793 1395 9967 6429 827 7519 299 9747 343 -1 -1 -1 -1 -1 -1 -1 -1 -1 -1 -1
25 2297 8029 5699 657 7275 6391 9593 6565 2263 605 6049 9007 4759 7115 -1 -1 -1 -1 -1 -1 -1 -1 -1 -1 -1
25 1170 5693 2717 2217 9027 5201 1029 2087 6847 1957 2363 1427 5077 7783 -1 -1 -1 -1 -1 -1 -1 -1 -1 -1 -1
25 9405 5615 1655 2105 3981 6921 2859 8931 7095 9093 8255 705 7991 5631 -1 -1 -1 -1 -1 -1 -1 -1 -1 -1 -1
25 5615 1209 199 1733 8667 7407 9941 6129 3917 4655 2707 145 4823 5125 -1 -1 -1 -1 -1 -1 -1 -1 -1 -1 -1
25 2424 7109 9105 4595 4879 2359 3145 8361 4571 5103 919 4633 3871 4725 -1 -1 -1 -1 -1 -1 -1 -1 -1 -1 -1
25 1637 7463 4807 751 6815 9229 8031 9863 8525 6351 8751 6107 3113 3589 -1 -1 -1 -1 -1 -1 -1 -1 -1 -1 -1
25 658 8175 4207 529 6593 5289 9843 3161 9327 1657 4131 427 4841 9673 -1 -1 -1 -1 -1 -1 -1 -1 -1 -1 -1
25 1492 1637 2605 161 7503 1981 7757 4369 525 829 1577 8825 6973 1705 -1 -1 -1 -1 -1 -1 -1 -1 -1 -1 -1
25 5727 5727 419 4643 1455 3031 7021 2237 2587 6557 7639 1149 6959 4091 -1 -1 -1 -1 -1 -1 -1 -1 -1 -1 -1
25 3005 2571 4225 6809 7697 275 3907 9091 7897 3151 981 8223 8371 1547 -1 -1 -1 -1 -1 -1 -1 -1 -1 -1 -1
25 3409 3005 7243 881 1595 8743 9783 7531 1167 5119 885 9309 3923 3279 -1 -1 -1 -1 -1 -1 -1 -1 -1 -1 -1
25 3294 1315 3105 225 659 6437 9397 8513 8427 6759 4943 1231 1473 7467 -1 -1 -1 -1 -1 -1 -1 -1 -1 -1 -1
25 7028 1515 2881 9617 2343 959 3 731 941 291 8781 9359 669 9281 -1 -1 -1 -1 -1 -1 -1 -1 -1 -1 -1
25 6404 5137 9979 4171 8869 6443 3595 6995 6219 3725 8005 2165 8249 9227 -1 -1 -1 -1 -1 -1 -1 -1 -1 -1 -1
25 190 3409 3083 9537 397 8491 4365 8141 6471 569 8853 49 4905 2691 -1 -1 -1 -1 -1 -1 -1 -1 -1 -1 -1
25 3236 9913 3411 5287 8257 5329 6581 1229 1707 1615 5781 4261 5591 8847 -1 -1 -1 -1 -1 -1 -1 -1 -1 -1 -1
25 3540 6745 5777 3477 2969 9433 9671 4359 6561 6531 4627 7681 2253 3723 -1 -1 -1 -1 -1 -1 -1 -1 -1 -1 -1
25 1784 9619 3717 9761 7907 8901 3213 771 1611 1243 5493 1173 8279 9915 -1 -1 -1 -1 -1 -1 -1 -1 -1 -1 -1
25 6745 2233 135 1319 5885 8097 1337 2611 6175 8305 5965 9013 4305 1559 -1 -1 -1 -1 -1 -1 -1 -1 -1 -1 -1
25 1512 3629 9297 8259 6163 6683 5385 3747 8347 5261 5961 6153 6955 4987 -1 -1 -1 -1 -1 -1 -1 -1 -1 -1 -1
25 2233 2735 439 7203 8827 7383 1499 3551 5513 7003 6899 2353 2679 231 -1 -1 -1 -1 -1 -1 -1 -1 -1 -1 -1
25 9935 2465 8803 1587 2395 2645 3377 6061 7433 2869 6419 7437 9 8527 -1 -1 -1 -1 -1 -1 -1 -1 -1 -1 -1
25 2166 1543 69 8191 9641 1389 6423 6823 2757 2331 6867 8501 4157 7111 -1 -1 -1 -1 -1 -1 -1 -1 -1 -1 -1
25 7114 4377 3875 8671 2477 3007 4457 5577 8221 551 2779 6005 2421 4047 -1 -1 -1 -1 -1 -1 -1 -1 -1 -1 -1
25 7612 9935 7867 531 3657 8125 3635 1999 3805 5327 4321 8451 6521 8375 -1 -1 -1 -1 -1 -1 -1 -1 -1 -1 -1
25 7108 8557 3739 9375 2115 6987 153 547 6055 1007 4797 9759 7219 6919 -1 -1 -1 -1 -1 -1 -1 -1 -1 -1 -1
25 8557 9649 4011 1135 9523 4167 6415 7177 1025 3485 7241 911 9749 6127 -1 -1 -1 -1 -1 -1 -1 -1 -1 -1 -1
25 2738 5335 7557 1215 3901 6571 2765 4663 9653 9367 4577 2925 1633 8331 -1 -1 -1 -1 -1 -1 -1 -1 -1 -1 -1
25 9649 5299 4285 9199 8631 6769 8545 8855 5195 9201 4751 2391 2157 4145 -1 -1 -1 -1 -1 -1 -1 -1 -1 -1 -1
25 789 789 6029 3435 425 2901 8775 8107 905 71 995 2301 831 465 -1 -1 -1 -1 -1 -1 -1 -1 -1 -1 -1
25 8458 1609 9349 7901 6579 6699 6047 5943 7371 6227 5745 4161 6715 4803 -1 -1 -1 -1 -1 -1 -1 -1 -1 -1 -1
25 8484 1757 5955 6009 6659 8511 5389 4715 5007 5363 4253 7959 8647 2509 -1 -1 -1 -1 -1 -1 -1 -1 -1 -1 -1
25 7156 9393 9485 4749 8809 6883 9225 7285 8297 8461 7473 6895 2423 3857 -1 -1 -1 -1 -1 -1 -1 -1 -1 -1 -1
25 1609 4379 601 9127 1943 3075 8693 4535 9039 2111 915 1279 6051 5953 -1 -1 -1 -1 -1 -1 -1 -1 -1 -1 -1
25 817 817 1843 9923 8851 21 6939 3455 5789 9839 5015 1303 5817 1247 -1 -1 -1 -1 -1 -1 -1 -1 -1 -1 -1
25 1605 1605 615 617 2415 7987 6799 8813 6077 287 3367 2689 8433 2983 -1 -1 -1 -1 -1 -1 -1 -1 -1 -1 -1
25 1323 7475 1233 2473 4347 5301 37 3939 8845 5277 1483 7283 9371 7641 -1 -1 -1 -1 -1 -1 -1 -1 -1 -1 -1
25 3197 1323 933 7479 3829 9141 1513 7265 1477 7295 5775 8919 4267 9517 -1 -1 -1 -1 -1 -1 -1 -1 -1 -1 -1
25 8290 3197 95 2653 3429 6451 5929 1125 309 8041 8777 7307 4731 3755 -1 -1 -1 -1 -1 -1 -1 -1 -1 -1 -1
25 9402 7429 8521 4403 1779 65 3689 8115 1033 5573 2369 4303 1581 1139 -1 -1 -1 -1 -1 -1 -1 -1 -1 -1 -1
25 6150 7287 1997 5375 5031 6157 4443 333 43 2127 2855 5131 2113 2049 -1 -1 -1 -1 -1 -1 -1 -1 -1 -1 -1
25 8024 3607 3475 4485 23 6641 3573 997 4053 9059 3733 4083 4723 4241 -1 -1 -1 -1 -1 -1 -1 -1 -1 -1 -1
25 1438 8773 3457 7245 7515 5901 2631 1291 2405 7771 3941 6195 6147 5415 -1 -1 -1 -1 -1 -1 -1 -1 -1 -1 -1
25 7287 6031 9109 2585 147 3845 2805 9877 5611 6937 8759 1825 1599 6613 -1 -1 -1 -1 -1 -1 -1 -1 -1 -1 -1
25 3257 2581 8271 5815 4623 1867 8177 3841 6525 4719 3407 7251 9909 4865 -1 -1 -1 -1 -1 -1 -1 -1 -1 -1 -1
25 8711 3257 8285 8379 715 4667 4825 8143 6267 9081 1675 5459 9123 8019 -1 -1 -1 -1 -1 -1 -1 -1 -1 -1 -1
25 7993 4309 989 8403 377 2241 6527 1735 813 7747 9857 1495 1983 1019 -1 -1 -1 -1 -1 -1 -1 -1 -1 -1 -1
25 6135 1305 4107 6133 2095 3597 1781 9651 2873 4827 2929 2815 6943 5253 -1 -1 -1 -1 -1 -1 -1 -1 -1 -1 -1
25 7198 7965 2425 4639 2525 2829 1027 5969 9515 741 7589 6621 4203 4319 -1 -1 -1 -1 -1 -1 -1 -1 -1 -1 -1
25 5991 1879 2537 141 7301 319 9583 1857 6225 8443 3653 8707 1287 2055 -1 -1 -1 -1 -1 -1 -1 -1 -1 -1 -1
25 5387 2009 9705 8037 8687 2281 1767 9239 1449 5199 3243 1665 4197 5225 -1 -1 -1 -1 -1 -1 -1 -1 -1 -1 -1
25 9406 8711 8823 4913 7037 3561 2153 8863 9865 7835 5281 3703 2961 3825 -1 -1 -1 -1 -1 -1 -1 -1 -1 -1 -1
25 3579 9707 935 9033 4965 2141 8563 7119 5645 7443 1153 6933 7057 8535 -1 -1 -1 -1 -1 -1 -1 -1 -1 -1 -1
25 1113 7993 6069 4555 6121 2769 6495 9269 8013 7545 8611 5141 9711 3619 -1 -1 -1 -1 -1 -1 -1 -1 -1 -1 -1
25 3651 6783 2305 2171 1257 9659 527 5071 3697 1401 407 3727 9507 7161 -1 -1 -1 -1 -1 -1 -1 -1 -1 -1 -1
25 8302 187 6475 8353 711 2607 2139 3919 8357 179 7053 2827 4741 9117 -1 -1 -1 -1 -1 -1 -1 -1 -1 -1 -1
25 3358 6541 951 7665 6243 6223 5651 6025 7725 2699 4151 2491 807 5697 -1 -1 -1 -1 -1 -1 -1 -1 -1 -1 -1
25 4583 6403 1227 8951 883 9001 5767 9335 4395 9285 4483 9411 443 8171 -1 -1 -1 -1 -1 -1 -1 -1 -1 -1 -1
25 8736 1335 1273 713 2809 1461 613 2721 703 7767 6017 4753 1015 2659 -1 -1 -1 -1 -1 -1 -1 -1 -1 -1 -1
25 9864 6135 8133 1355 5835 7389 1555 8477 8889 9453 3309 7349 2321 6997 -1 -1 -1 -1 -1 -1 -1 -1 -1 -1 -1
25 7891 5991 1833 4021 7613 2941 9919 2445 6961 5987 7495 5251 5413 3313 -1 -1 -1 -1 -1 -1 -1 -1 -1 -1 -1
25 1406 5387 5957 9429 5995 7305 7879 4071 5827 3563 4193 4563 5485 3631 -1 -1 -1 -1 -1 -1 -1 -1 -1 -1 -1
25 7948 1113 4703 2119 3133 8799 8649 1743 8651 2889 6487 7083 5159 5629 -1 -1 -1 -1 -1 -1 -1 -1 -1 -1 -1
25 5808 9847 9575 1349 2035 7949 8475 6945 1409 6841 5013 3415 8385 2755 -1 -1 -1 -1 -1 -1 -1 -1 -1 -1 -1
25 3596 7013 6607 9273 6367 2417 2205 7331 7995 8117 6355 2879 6993 8147 -1 -1 -1 -1 -1 -1 -1 -1 -1 -1 -1
25 5213 3869 6413 1487 7805 6389 7807 545 471 2487 191 7427 3987 4929 -1 -1 -1 -1 -1 -1 -1 -1 -1 -1 -1
25 7889 7399 5663 3169 4105 4981 1073 2793 1839 3649 9841 4269 8311 7937 -1 -1 -1 -1 -1 -1 -1 -1 -1 -1 -1
25 4387 3579 3375 5241 2867 2229 9231 8779 8697 1249 7981 7803 117 6453 -1 -1 -1 -1 -1 -1 -1 -1 -1 -1 -1
25 7020 2135 3605 8785 4969 6211 3625 2563 851 6651 861 9067 5653 9677 -1 -1 -1 -1 -1 -1 -1 -1 -1 -1 -1
25 9347 3651 3199 6643 7081 947 2851 8969 5235 9587 4229 1991 5443 2897 -1 -1 -1 -1 -1 -1 -1 -1 -1 -1 -1
25 3311 4583 9353 6399 6197 9987 3699 8873 8439 3711 5197 1367 2007 1343 -1 -1 -1 -1 -1 -1 -1 -1 -1 -1 -1
25 7398 719 4143 85 7103 9299 3123 1371 5257 4381 835 2643 5545 1569 -1 -1 -1 -1 -1 -1 -1 -1 -1 -1 -1
25 3826 7891 9947 6089 7143 4085 6983 449 983 1083 4037 5521 3741 6439 -1 -1 -1 -1 -1 -1 -1 -1 -1 -1 -1
25 8262 3253 7085 2831 4989 6181 3251 3567 1373 9315 4931 5617 797 1005 -1 -1 -1 -1 -1 -1 -1 -1 -1 -1 -1
25 739 5213 1399 6807 5009 4821 5715 3237 2003 8465 389 9861 6461 5665 -1 -1 -1 -1 -1 -1 -1 -1 -1 -1 -1
25 1803 7889 5711 2771 7971 2835 5911 8061 6675 6497 4095 6311 3687 7825 -1 -1 -1 -1 -1 -1 -1 -1 -1 -1 -1
25 4781 4387 5347 4709 3155 4221 3323 7461 359 1811 6383 9567 7409 3737 -1 -1 -1 -1 -1 -1 -1 -1 -1 -1 -1
25 5858 9347 8731 6967 2515 3761 4569 877 2687 681 5609 6421 6093 247 -1 -1 -1 -1 -1 -1 -1 -1 -1 -1 -1
25 1372 7657 4733 9737 7715 7967 357 201 7345 3171 5185 9787 8613 3289 -1 -1 -1 -1 -1 -1 -1 -1 -1 -1 -1
25 1773 5497 5621 2919 5915 3757 1031 8565 4039 2029 4005 7885 3405 6221 -1 -1 -1 -1 -1 -1 -1 -1 -1 -1 -1
25 3640 3311 6567 9981 1309 8819 2837 9079 3599 6837 3063 1213 2623 181 -1 -1 -1 -1 -1 -1 -1 -1 -1 -1 -1
25 8425 739 6021 2613 4397 8481 8933 6707 4389 923 4757 4363 4927 2597 -1 -1 -1 -1 -1 -1 -1 -1 -1 -1 -1
25 2942 1803 417 3949 7829 893 3065 6539 4001 2701 573 9301 6365 557 -1 -1 -1 -1 -1 -1 -1 -1 -1 -1 -1
25 8158 9313 9757 2591 6767 9157 1307 5575 5607 8643 4721 8657 9383 3643 -1 -1 -1 -1 -1 -1 -1 -1 -1 -1 -1
25 5491 677 2031 6313 2107 6253 9767 7853 6511 7655 2987 7079 9095 5173 -1 -1 -1 -1 -1 -1 -1 -1 -1 -1 -1
25 3990 4781 3193 7535 7903 1715 5919 3413 1119 6949 1793 5867 7831 3097 -1 -1 -1 -1 -1 -1 -1 -1 -1 -1 -1
25 4693 9563 9549 7477 5033 4453 4471 219 7591 337 593 1617 845 2627 -1 -1 -1 -1 -1 -1 -1 -1 -1 -1 -1
25 7325 7561 6645 7019 9817 1871 5391 1727 8927 7667 1877 8341 8091 5723 -1 -1 -1 -1 -1 -1 -1 -1 -1 -1 -1
25 3575 1773 57 8273 249 1861 6873 1567 2965 5947 5797 8321 5825 2225 -1 -1 -1 -1 -1 -1 -1 -1 -1 -1 -1
25 4208 8425 2573 3655 3735 9513 1783 3813 9621 4975 5079 4463 9669 5571 -1 -1 -1 -1 -1 -1 -1 -1 -1 -1 -1
25 7180 4525 119 8665 1297 2513 5191 2413 1265 207 4599 3275 5055 3021 -1 -1 -1 -1 -1 -1 -1 -1 -1 -1 -1
25 3148 4839 7737 3215 5903 5161 4591 6977 3827 4933 323 7983 535 7795 -1 -1 -1 -1 -1 -1 -1 -1 -1 -1 -1
25 6123 5491 8637 8167 979 395 7507 8197 8753 3497 1039 7617 6441 3259 -1 -1 -1 -1 -1 -1 -1 -1 -1 -1 -1
25 7320 7325 6115 6871 7453 6839 2595 2197 6709 717 7621 9581 1191 3985 -1 -1 -1 -1 -1 -1 -1 -1 -1 -1 -1
25 6329 4693 9769 4017 4247 4087 7529 8247 6337 4961 5691 8891 2337 5859 -1 -1 -1 -1 -1 -1 -1 -1 -1 -1 -1
25 2641 3575 977 1565 5441 5227 283 5729 3481 9695 4763 899 8735 5501 -1 -1 -1 -1 -1 -1 -1 -1 -1 -1 -1
25 2536 6123 2497 4541 6907 8793 8749 5849 4191 5677 4707 5399 4339 3969 -1 -1 -1 -1 -1 -1 -1 -1 -1 -1 -1
25 1860 2695 4705 127 3909 5163 7237 7583 7175 6935 6653 8145 5047 7093 -1 -1 -1 -1 -1 -1 -1 -1 -1 -1 -1
25 1630 6263 3585 4123 9377 5245 4489 6855 735 4425 229 9771 4779 4955 -1 -1 -1 -1 -1 -1 -1 -1 -1 -1 -1
25 9463 549 7567 767 8953 7525 1041 5019 745 3809 6723 4791 455 9573 -1 -1 -1 -1 -1 -1 -1 -1 -1 -1 -1
25 109 6329 9251 5409 8505 2373 6167 7405 1423 7851 5145 8507 6635 8921 -1 -1 -1 -1 -1 -1 -1 -1 -1 -1 -1
25 7129 2641 3921 4593 4775 8027 5537 5421 7921 8839 143 4995 1961 9329 -1 -1 -1 -1 -1 -1 -1 -1 -1 -1 -1
25 1013 9463 3445 7239 7197 6775 1047 1035 6753 2507 2743 7669 6665 8543 -1 -1 -1 -1 -1 -1 -1 -1 -1 -1 -1
25 4428 109 211 4607 4871 9607 2437 801 7541 2101 3803 6209 6151 8957 -1 -1 -1 -1 -1 -1 -1 -1 -1 -1 -1
25 5743 7129 2167 853 4895 2601 4093 1827 6637 3217 5461 8867 2821 8301 -1 -1 -1 -1 -1 -1 -1 -1 -1 -1 -1
25 7329 2519 7097 595 8413 2841 6861 8569 4817 903 8723 6285 9637 2273 -1 -1 -1 -1 -1 -1 -1 -1 -1 -1 -1
25 5948 1013 1503 1239 6297 4675 7007 385 7447 5115 2249 5749 9499 6467 -1 -1 -1 -1 -1 -1 -1 -1 -1 -1 -1
25 2079 5743 9925 1883 2121 8293 4809 8729 5035 4385 1607 2013 9977 6185 -1 -1 -1 -1 -1 -1 -1 -1 -1 -1 -1
25 5237 7329 4003 3117 8645 6963 515 8165 5181 1385 7431 265 6981 6479 -1 -1 -1 -1 -1 -1 -1 -1 -1 -1 -1
25 9473 2079 35 4713 4163 6591 3027 7137 3361 9455 9599 2877 9277 4103 -1 -1 -1 -1 -1 -1 -1 -1 -1 -1 -1
25 726 5237 9289 1369 5967 5519 8903 5157 27 6611 9777 2061 3965 7173 -1 -1 -1 -1 -1 -1 -1 -1 -1 -1 -1
25 6849 9473 6689 7135 4433 4685 5117 1493 723 8065 4367 9703 4295 4243 -1 -1 -1 -1 -1 -1 -1 -1 -1 -1 -1
25 2538 6849 1777 9645 9031 3127 3447 125 5483 5997 413 8893 8397 6063 -1 -1 -1 -1 -1 -1 -1 -1 -1 -1 -1
25 8020 699 3795 6989 847 3079 9213 2311 2619 3517 8639 1645 1377 4891 -1 -1 -1 -1 -1 -1 -1 -1 -1 -1 -1
25 9920 9985 4657 8555 6333 6203 8067 2567 9017 2801 351 111 1141 2163 -1 -1 -1 -1 -1 -1 -1 -1 -1 -1 -1
25 699 6199 497 7191 9077 5909 405 2719 2871 3771 7181 1467 6569 3883 -1 -1 -1 -1 -1 -1 -1 -1 -1 -1 -1
25 6658 8209 8991 5913 4491 7231 8917 5093 5401 9903 7827 1133 579 5543 -1 -1 -1 -1 -1 -1 -1 -1 -1 -1 -1
25 9052 8055 4973 9475 3621 1199 2109 2903 2555 7023 7491 9555 5973 2169 -1 -1 -1 -1 -1 -1 -1 -1 -1 -1 -1
25 9985 4885 3191 5853 8407 3285 8745 7773 3333 8365 747 6291 5661 8131 -1 -1 -1 -1 -1 -1 -1 -1 -1 -1 -1
25 5358 8459 6749 6639 1259 2125 5061 6859 2499 9161 9443 9223 8043 8217 -1 -1 -1 -1 -1 -1 -1 -1 -1 -1 -1
25 4260 2949 3915 4605 485 1061 1501 5877 25 1397 9905 5429 8429 3617 -1 -1 -1 -1 -1 -1 -1 -1 -1 -1 -1
25 7230 7471 9625 907 3843 9221 5587 5675 6827 1089 9525 783 5977 2117 -1 -1 -1 -1 -1 -1 -1 -1 -1 -1 -1
25 9852 2357 7683 1263 7873 7341 9163 4521 8241 2803 4447 2985 2329 5841 -1 -1 -1 -1 -1 -1 -1 -1 -1 -1 -1
25 6199 5875 9483 6901 7569 2439 1471 4915 6347 2387 1915 8205 329 8069 -1 -1 -1 -1 -1 -1 -1 -1 -1 -1 -1
25 8209 2123 9613 5043 5445 5373 4941 3025 787 2951 4417 7051 6695 7049 -1 -1 -1 -1 -1 -1 -1 -1 -1 -1 -1
25 1024 5113 8419 8973 2407 8063 1905 7551 9471 2569 269 1935 4049 1929 -1 -1 -1 -1 -1 -1 -1 -1 -1 -1 -1
25 4706 6493 6563 6251 5465 4343 7599 6763 6385 4023 3273 3995 8607 7441 -1 -1 -1 -1 -1 -1 -1 -1 -1 -1 -1
25 4885 1651 9951 1613 1391 3135 5139 7653 5741 2317 33 8275 729 2813 -1 -1 -1 -1 -1 -1 -1 -1 -1 -1 -1
25 8055 627 1723 1331 7271 8007 6281 8381 8181 4923 4183 5345 4393 939 -1 -1 -1 -1 -1 -1 -1 -1 -1 -1 -1
25 3608 3743 7323 7041 4031 5527 9083 7397 7201 1413 8389 4519 4273 7223 -1 -1 -1 -1 -1 -1 -1 -1 -1 -1 -1
25 4546 4959 4629 921 6757 8883 2175 9175 4501 5795 725 5685 7281 8377 -1 -1 -1 -1 -1 -1 -1 -1 -1 -1 -1
25 2714 1593 511 2385 1785 953 9113 1933 2177 75 2709 7343 9025 6111 -1 -1 -1 -1 -1 -1 -1 -1 -1 -1 -1
25 3758 7553 267 1181 5001 4539 257 7179 3955 1971 2379 4231 7719 3569 -1 -1 -1 -1 -1 -1 -1 -1 -1 -1 -1
25 4414 6457 8219 4063 1299 2089 3201 7871 8201 9791 3899 8195 1699 8789 -1 -1 -1 -1 -1 -1 -1 -1 -1 -1 -1
25 9452 3055 483 3775 4857 9219 4985 4963 7721 3815 9197 7369 8541 9799 -1 -1 -1 -1 -1 -1 -1 -1 -1 -1 -1
25 9128 9137 3783 7411 7915 2383 5785 155 2733 2483 8269 4041 2847 2559 -1 -1 -1 -1 -1 -1 -1 -1 -1 -1 -1
25 7210 3951 4405 871 4249 9287 769 9363 2381 1807 1987 8923 7391 961 -1 -1 -1 -1 -1 -1 -1 -1 -1 -1 -1
25 8459 8435 9735 8523 3305 2479 9709 7417 7291 2265 3179 3003 7565 29 -1 -1 -1 -1 -1 -1 -1 -1 -1 -1 -1
25 7471 4511 9071 5837 4353 2037 8601 7581 4495 3209 9271 1419 4649 9283 -1 -1 -1 -1 -1 -1 -1 -1 -1 -1 -1
25 6884 6747 665 2745 8075 8017 6609 7365 2283 5505 8765 1903 7151 3103 -1 -1 -1 -1 -1 -1 -1 -1 -1 -1 -1
25 6110 8739 2261 6247 2885 4499 7615 7099 4187 6671 7963 955 5647 5341 -1 -1 -1 -1 -1 -1 -1 -1 -1 -1 -1
25 2357 8021 9795 9897 5021 8807 7781 8689 727 3769 2131 2361 9387 3281 -1 -1 -1 -1 -1 -1 -1 -1 -1 -1 -1
25 5875 2899 7337 5169 9639 9015 6171 3391 2615 3467 8619 7603 8959 957 -1 -1 -1 -1 -1 -1 -1 -1 -1 -1 -1
25 7704 4537 5719 1553 2875 8225 5529 5763 1183 4239 411 1813 7215 445 -1 -1 -1 -1 -1 -1 -1 -1 -1 -1 -1
25 6740 5359 5477 1441 4677 7763 8437 8281 9853 3953 891 5895 9369 3693 -1 -1 -1 -1 -1 -1 -1 -1 -1 -1 -1
25 7512 1097 8653 8151 9741 3295 4997 6803 6667 4837 6761 2307 7303 7141 -1 -1 -1 -1 -1 -1 -1 -1 -1 -1 -1
25 2123 6877 1873 7811 8945 3269 2861 1901 3881 6577 8837 6349 1115 585 -1 -1 -1 -1 -1 -1 -1 -1 -1 -1 -1
25 5113 6735 9657 4027 4877 8551 4075 5705 1375 3023 3219 9585 3853 5649 -1 -1 -1 -1 -1 -1 -1 -1 -1 -1 -1
25 3208 8699 6425 9165 3895 5041 5259 8471 4505 5397 9999 4769 7751 4829 -1 -1 -1 -1 -1 -1 -1 -1 -1 -1 -1
25 6493 2791 3885 7263 9553 5155 9955 8283 9409 8349 8625 31 4531 5381 -1 -1 -1 -1 -1 -1 -1 -1 -1 -1 -1
25 1651 7575 1105 1537 6865 8721 4547 1289 9969 8457 7487 1077 7069 8559 -1 -1 -1 -1 -1 -1 -1 -1 -1 -1 -1
25 1874 4437 6903 4099 1947 7809 9917 8387 6299 4325 5151 4861 9765 4687 -1 -1 -1 -1 -1 -1 -1 -1 -1 -1 -1
25 627 9685 2967 8597 6161 2909 9337 7025 8213 5319 9343 3957 1579 8675 -1 -1 -1 -1 -1 -1 -1 -1 -1 -1 -1
25 4959 945 6503 9889 523 7647 1075 4423 331 5315 7159 3287 635 9121 -1 -1 -1 -1 -1 -1 -1 -1 -1 -1 -1
25 9996 5393 1111 1745 1429 2021 1217 3397 8233 9893 7059 623 3111 1993 -1 -1 -1 -1 -1 -1 -1 -1 -1 -1 -1
25 1593 7451 7277 1453 6727 793 3141 2279 5985 7979 5927 5435 2185 3239 -1 -1 -1 -1 -1 -1 -1 -1 -1 -1 -1
25 7553 8323 3565 9647 4653 133 6513 4621 1717 7139 1445 8849 9215 9901 -1 -1 -1 -1 -1 -1 -1 -1 -1 -1 -1
25 7116 1973 6771 2857 1643 1907 279 8763 5059 7799 345 259 6481 1563 -1 -1 -1 -1 -1 -1 -1 -1 -1 -1 -1
25 2838 4601 9557 7777 599 5305 3893 9395 7121 9445 3861 6631 7649 6965 -1 -1 -1 -1 -1 -1 -1 -1 -1 -1 -1
25 6457 315 8093 2209 4147 501 17 9629 7675 5067 3071 6445 6465 2429 -1 -1 -1 -1 -1 -1 -1 -1 -1 -1 -1
25 6558 8449 1963 5695 2565 4263 909 4565 5255 5331 1575 5667 1341 6633 -1 -1 -1 -1 -1 -1 -1 -1 -1 -1 -1
25 1984 1635 8747 6213 3499 5317 3241 875 3337 4755 9417 6015 3863 9187 -1 -1 -1 -1 -1 -1 -1 -1 -1 -1 -1
25 902 7357 1755 9035 7691 4125 1435 6923 9699 931 3835 5949 2411 8509 -1 -1 -1 -1 -1 -1 -1 -1 -1 -1 -1
25 9137 4223 1729 2817 6999 6235 239 539 9009 9907 1795 8411 9259 2327 -1 -1 -1 -1 -1 -1 -1 -1 -1 -1 -1
25 2788 3029 9743 8595 9729 7627 4845 9929 6001 9261 5467 7039 5361 7227 -1 -1 -1 -1 -1 -1 -1 -1 -1 -1 -1
25 8376 9851 4613 3513 4907 8661 8961 53 2027 4603 3189 2703 6911 6361 -1 -1 -1 -1 -1 -1 -1 -1 -1 -1 -1
25 8586 5487 9579 3345 7207 4121 1387 8495 6545 7895 51 9773 2457 3647 -1 -1 -1 -1 -1 -1 -1 -1 -1 -1 -1
25 8848 1689 507 9381 5221 7149 6833 3549 641 2255 1759 3343 8363 6913 -1 -1 -1 -1 -1 -1 -1 -1 -1 -1 -1
25 3951 6851 9871 2673 2547 779 517 6483 5605 1737 7257 341 679 2313 -1 -1 -1 -1 -1 -1 -1 -1 -1 -1 -1
25 3138 9191 1201 7043 5123 2621 6083 7499 1017 5053 8499 1129 4641 5343 -1 -1 -1 -1 -1 -1 -1 -1 -1 -1 -1
25 8435 8629 6293 91 4113 1255 5981 985 4333 8287 8655 2161 5855 2531 -1 -1 -1 -1 -1 -1 -1 -1 -1 -1 -1
25 4511 8073 2245 2661 121 1911 5313 9835 6079 7027 3037 221 9461 5881 -1 -1 -1 -1 -1 -1 -1 -1 -1 -1 -1
25 2006 9459 1407 1631 8373 3547 6863 1889 9605 7607 8053 8943 5637 8189 -1 -1 -1 -1 -1 -1 -1 -1 -1 -1 -1
25 6747 271 7787 3181 5219 7065 8725 7549 3419 571 8235 5845 4451 7849 -1 -1 -1 -1 -1 -1 -1 -1 -1 -1 -1
25 8739 5721 2639 159 3731 2309 6459 3511 5463 6233 7989 7509 3791 6843 -1 -1 -1 -1 -1 -1 -1 -1 -1 -1 -1
25 5990 9595 4411 9291 799 5039 4979 2789 5339 2579 2637 8369 1865 5027 -1 -1 -1 -1 -1 -1 -1 -1 -1 -1 -1
25 2748 2963 4115 7425 2883 4329 8591 9447 1237 6549 8577 7577 8265 7709 -1 -1 -1 -1 -1 -1 -1 -1 -1 -1 -1
25 2026 3459 1 2665 5451 6059 2213 4345 1711 3089 9051 7269 3781 4475 -1 -1 -1 -1 -1 -1 -1 -1 -1 -1 -1
25 8021 3329 2235 7595 193 4317 5249 3331 3091 4949 971 2993 7985 8787 -1 -1 -1 -1 -1 -1 -1 -1 -1 -1 -1
25 2436 9691 9511 8761 1179 6619 1753 8473 7155 3087 6889 3627 1327 7293 -1 -1 -1 -1 -1 -1 -1 -1 -1 -1 -1
25 2899 9087 4141 7171 137 235 887 3395 1621 2761 5897 3681 749 5971 -1 -1 -1 -1 -1 -1 -1 -1 -1 -1 -1
25 2512 8713 4869 6597 6393 1695 5097 7313 4579 1829 8899 8183 1093 1447 -1 -1 -1 -1 -1 -1 -1 -1 -1 -1 -1
25 4537 1625 8791 1023 8987 2931 9355 9275 3659 6371 3423 5209 8897 7455 -1 -1 -1 -1 -1 -1 -1 -1 -1 -1 -1
25 864 7319 5511 3759 4853 7689 6043 5479 1451 6623 9885 6941 431 7711 -1 -1 -1 -1 -1 -1 -1 -1 -1 -1 -1
25 5359 3067 8085 6719 1051 9155 4805 9049 577 2469 4275 2219 8211 8965 -1 -1 -1 -1 -1 -1 -1 -1 -1 -1 -1
25 3196 6377 8329 1311 1433 6821 8833 4597 7333 6395 2223 3265 2289 8227 -1 -1 -1 -1 -1 -1 -1 -1 -1 -1 -1
25 6877 9003 1601 6893 4117 4515 9643 7273 9961 6295 1517 9451 5455 3245 -1 -1 -1 -1 -1 -1 -1 -1 -1 -1 -1
25 6735 2915 9345 1509 2921 3963 2955 2943 9565 4581 6099 6207 6881 19 -1 -1 -1 -1 -1 -1 -1 -1 -1 -1 -1
25 8699 3849 2825 39 3817 7823 1275 5183 7923 1917 1161 5813 3543 8783 -1 -1 -1 -1 -1 -1 -1 -1 -1 -1 -1
25 5818 7677 1685 3205 1589 3121 3139 7061 8489 9253 2005 5431 2073 2603 -1 -1 -1 -1 -1 -1 -1 -1 -1 -1 -1
25 1090 8277 1949 8695 6067 8627 103 4025 2971 9501 4431 8251 3335 8149 -1 -1 -1 -1 -1 -1 -1 -1 -1 -1 -1
25 5034 8979 3319 6407 6677 6519 8009 1945 335 1713 1437 4691 3665 6485 -1 -1 -1 -1 -1 -1 -1 -1 -1 -1 -1
25 842 8715 8989 5457 3469 3463 3009 619 7571 9399 7593 7087 9993 -1 -1 -1 -1 -1 -1 -1 -1 -1 -1 -1 -1
25 2791 3891 1491 1817 5769 6201 6629 223 9591 8977 8355 7869 4883 -1 -1 -1 -1 -1 -1 -1 -1 -1 -1 -1 -1
25 7575 583 5303 3729 1855 8703 2159 1463 4765 3125 2807 5407 5923 -1 -1 -1 -1 -1 -1 -1 -1 -1 -1 -1 -1
25 6752 4455 2333 6805 509 6857 495 1719 4155 7623 8983 6573 9317 -1 -1 -1 -1 -1 -1 -1 -1 -1 -1 -1 -1
25 8104 499 4137 1143 5941 2737 8993 1749 6869 7919 7523 3971 2221 -1 -1 -1 -1 -1 -1 -1 -1 -1 -1 -1 -1
25 4437 2293 8681 4503 5099 8911 3487 2433 5905 673 3175 197 8641 -1 -1 -1 -1 -1 -1 -1 -1 -1 -1 -1 -1
25 5572 7585 2635 9159 5619 5559 2443 6117 8215 2575 2759 4077 685 -1 -1 -1 -1 -1 -1 -1 -1 -1 -1 -1 -1
25 7104 1251 849 2979 3421 2319 3011 6469 8047 2071 7559 2905 7001 -1 -1 -1 -1 -1 -1 -1 -1 -1 -1 -1 -1
25 1192 311 4957 1169 3507 2933 4251 7605 8623 625 1085 2145 7289 -1 -1 -1 -1 -1 -1 -1 -1 -1 -1 -1 -1
25 2736 3773 5351 5557 8801 1771 8549 7385 7299 3363 4287 7395 5057 -1 -1 -1 -1 -1 -1 -1 -1 -1 -1 -1 -1
25 9685 2523 7193 5579 2467 3443 6785 2995 7449 7511 7317 5051 7899 -1 -1 -1 -1 -1 -1 -1 -1 -1 -1 -1 -1
25 9246 8967 113 1511 2315 8963 8169 6813 1321 5509 4313 4399 7311 -1 -1 -1 -1 -1 -1 -1 -1 -1 -1 -1 -1
25 400 8447 1863 4371 1117 2375 7707 6509 8045 7367 5531 1663 8083 -1 -1 -1 -1 -1 -1 -1 -1 -1 -1 -1 -1
25 945 2143 3615 2187 5567 4701 7743 4739 6169 653 3033 3637 3719 -1 -1 -1 -1 -1 -1 -1 -1 -1 -1 -1 -1
25 1734 1489 6141 5701 9089 93 129 7619 6215 3019 123 9493 6433 -1 -1 -1 -1 -1 -1 -1 -1 -1 -1 -1 -1
25 4648 6155 5779 6589 2043 8547 1345 7153 8399 3153 6489 6373 2677 -1 -1 -1 -1 -1 -1 -1 -1 -1 -1 -1 -1
25 5393 7117 5627 775 6925 2713 581 3553 3523 1661 8635 3441 7943 -1 -1 -1 -1 -1 -1 -1 -1 -1 -1 -1 -1
25 9974 2335 7579 177 7573 83 8621 5419 7439 1347 4401 5269 9241 -1 -1 -1 -1 -1 -1 -1 -1 -1 -1 -1 -1
25 7451 9495 1797 3439 9837 7909 7435 6543 2047 3109 8949 4315 3611 -1 -1 -1 -1 -1 -1 -1 -1 -1 -1 -1 -1
25 9544 9401 8079 3451 9073 1317 7819 5349 339 1107 8663 4813 3229 -1 -1 -1 -1 -1 -1 -1 -1 -1 -1 -1 -1
25 6924 6239 6575 9177 5879 7865 1761 5975 1457 2201 6183 8683 3855 -1 -1 -1 -1 -1 -1 -1 -1 -1 -1 -1 -1
25 5744 513 2731 7745 9911 6605 6339 6149 5427 4081 1881 3797 4683 -1 -1 -1 -1 -1 -1 -1 -1 -1 -1 -1 -1
25 7846 661 1977 3315 9701 9785 3351 1057 1851 3301 2775 4337 7017 -1 -1 -1 -1 -1 -1 -1 -1 -1 -1 -1 -1
25 8323 5517 3453 9481 9305 9321 863 9435 7945 7185 5423 8487 3591 -1 -1 -1 -1 -1 -1 -1 -1 -1 -1 -1 -1
25 3384 2711 2577 9561 4937 1897 8811 8335 3519 9535 9373 2521 447 -1 -1 -1 -1 -1 -1 -1 -1 -1 -1 -1 -1
25 3160 2247 3583 8737 3691 3967 9571 9489 3001 4671 6673 791 1087 -1 -1 -1 -1 -1 -1 -1 -1 -1 -1 -1 -1
25 8566 6159 8059 1189 8401 6713 5689 2991 5863 6499 5641 9427 8137 -1 -1 -1 -1 -1 -1 -1 -1 -1 -1 -1 -1
25 5112 9503 9179 2291 7817 5411 6187 7071 6091 5765 879 6007 587 -1 -1 -1 -1 -1 -1 -1 -1 -1 -1 -1 -1
25 2426 1697 6739 5437 1069 1967 453 5367 4847 7671 9217 5811 7537 -1 -1 -1 -1 -1 -1 -1 -1 -1 -1 -1 -1
25 1973 4635 381 9263 4059 8553 433 3961 7961 5873 2529 5833 4479 -1 -1 -1 -1 -1 -1 -1 -1 -1 -1 -1 -1
25 2106 4467 5917 709 1067 9207 5243 3389 609 393 4983 1837 7235 -1 -1 -1 -1 -1 -1 -1 -1 -1 -1 -1 -1
25 315 873 4297 2527 5323 8253 8587 855 7973 5707 5447 7905 9831 -1 -1 -1 -1 -1 -1 -1 -1 -1 -1 -1 -1
25 8449 2975 3537 9833 7415 5247 8343 9153 7815 2533 7127 5003 8327 -1 -1 -1 -1 -1 -1 -1 -1 -1 -1 -1 -1
25 1635 6741 1627 4119 2541 2863 6617 5217 4439 9173 9257 3533 6917 -1 -1 -1 -1 -1 -1 -1 -1 -1 -1 -1 -1
25 7357 6053 4291 403 4159 8741 7125 1885 1925 1205 8333 9971 1573 -1 -1 -1 -1 -1 -1 -1 -1 -1 -1 -1 -1
25 4223 6455 7685 9265 833 4711 537 3873 8875 6553 7485 8503 6533 -1 -1 -1 -1 -1 -1 -1 -1 -1 -1 -1 -1
25 7082 3601 7883 643 6179 9361 9939 6697 4051 9041 6535 7717 3903 -1 -1 -1 -1 -1 -1 -1 -1 -1 -1 -1 -1
25 7346 6189 4245 7387 1197 6463 8415 5851 5203 1333 5613 8797 3255 -1 -1 -1 -1 -1 -1 -1 -1 -1 -1 -1 -1
25 2928 1421 5539 5713 4449 7755 4947 4925 9825 3187 2725 7953 1909 -1 -1 -1 -1 -1 -1 -1 -1 -1 -1 -1 -1
25 5654 6875 4409 8719 8033 3039 6897 9683 2295 5643 1127 7611 9721 -1 -1 -1 -1 -1 -1 -1 -1 -1 -1 -1 -1
25 3170 3461 4029 2355 3157 2063 2129 8821 591 5275 1849 2593 4897 -1 -1 -1 -1 -1 -1 -1 -1 -1 -1 -1 -1
25 5510 3865 1175 3393 7501 8105 243 6777 9807 9973 101 1669 4695 -1 -1 -1 -1 -1 -1 -1 -1 -1 -1 -1 -1
25 9768 8203 5783 1443 9623 1591 6397 7741 8469 2811 1185 5439 2773 -1 -1 -1 -1 -1 -1 -1 -1 -1 -1 -1 -1
25 3029 4233 3325 7941 7361 8605 4549 5681 2371 9415 9891 6317 4057 -1 -1 -1 -1 -1 -1 -1 -1 -1 -1 -1 -1
25 9851 2015 3047 3669 7339 1339 2589 841 8905 8537 79 1619 1951 -1 -1 -1 -1 -1 -1 -1 -1 -1 -1 -1 -1
25 5332 3527 6615 7643 6909 561 733 4461 4835 4527 9069 7401 6073 -1 -1 -1 -1 -1 -1 -1 -1 -1 -1 -1 -1
25 5487 5189 5107 6013 1193 255 2947 7797 2085 3183 1021 913 8701 -1 -1 -1 -1 -1 -1 -1 -1 -1 -1 -1 -1
25 328 4575 2041 7933 4293 9983 4407 9233 2239 721 8913 8589 8463 -1 -1 -1 -1 -1 -1 -1 -1 -1 -1 -1 -1
25 3104 5049 2651 2797 8239 9479 3235 3437 6791 5703 1893 7073 707 -1 -1 -1 -1 -1 -1 -1 -1 -1 -1 -1 -1
25 166 965 6523 8101 4767 1681 7101 5805 1763 1895 8467 8861 6405 -1 -1 -1 -1 -1 -1 -1 -1 -1 -1 -1 -1
25 1689 7779 2663 2011 3751 7205 9403 701 2517 1703 7213 4383 6853 -1 -1 -1 -1 -1 -1 -1 -1 -1 -1 -1 -1
25 5060 4935 6703 2377 6041 4625 3473 5739 8975 8315 479 1683 9717 -1 -1 -1 -1 -1 -1 -1 -1 -1 -1 -1 -1
25 6851 9267 4101 7633 2989 3341 6649 213 9245 7775 5673 3983 2819 -1 -1 -1 -1 -1 -1 -1 -1 -1 -1 -1 -1
25 1852 2957 5503 8303 6269 7483 1525 5979 8907 9995 6731 5499 7123 -1 -1 -1 -1 -1 -1 -1 -1 -1 -1 -1 -1
25 4352 3291 3051 1109 1045 2599 1277 9933 9723 3371 8479 9467 4909 -1 -1 -1 -1 -1 -1 -1 -1 -1 -1 -1 -1
25 9191 2511 8575 8909 7727 3925 8599 7723 9119 7029 2853 6991 9589 -1 -1 -1 -1 -1 -1 -1 -1 -1 -1 -1 -1
25 8629 7347 3149 5279 2065 9333 4351 7875 4373 2195 6417 421 7881 -1 -1 -1 -1 -1 -1 -1 -1 -1 -1 -1 -1
25 5856 7927 9477 9195 5933 3767 3045 4419 7855 7105 8999 3715 8865 -1 -1 -1 -1 -1 -1 -1 -1 -1 -1 -1 -1
25 8073 3989 8995 629 3859 3645 1649 3307 2553 2427 5337 9997 6087 -1 -1 -1 -1 -1 -1 -1 -1 -1 -1 -1 -1
25 9459 6321 541 9731 1531 1819 5233 803 3081 5365 9145 3671 6585 -1 -1 -1 -1 -1 -1 -1 -1 -1 -1 -1 -1
25 8792 277 9819 1583 1417 4669 5565 4745 2097 6095 9719 7297 4069 -1 -1 -1 -1 -1 -1 -1 -1 -1 -1 -1 -1
25 5746 4255 3807 4331 3505 5473 6505 2785 2419 5231 9465 5839 5931 -1 -1 -1 -1 -1 -1 -1 -1 -1 -1 -1 -1
25 271 5369 4587 7315 7075 3501 4217 6033 9531 5153 1379 89 8939 -1 -1 -1 -1 -1 -1 -1 -1 -1 -1 -1 -1
25 2784 4833 4953 5405 1891 2151 6891 3283 3927 8561 555 349 4311 -1 -1 -1 -1 -1 -1 -1 -1 -1 -1 -1 -1
25 5721 457 2181 81 1979 8345 9867 7047 9235 4427 7279 1751 9811 -1 -1 -1 -1 -1 -1 -1 -1 -1 -1 -1 -1
25 9595 7355 2787 6971 7221 1071 5167 3379 505 5403 2503 7489 3107 -1 -1 -1 -1 -1 -1 -1 -1 -1 -1 -1 -1
25 2963 5089 2077 4355 3085 4533 7403 3521 5633 5755 6817 4977 1939 -1 -1 -1 -1 -1 -1 -1 -1 -1 -1 -1 -1
25 3459 9627 895 6277 4939 6085 2887 1353 347 3831 6065 1585 437 -1 -1 -1 -1 -1 -1 -1 -1 -1 -1 -1 -1
25 3329 1363 2999 2753 1799 4357 8593 3013 687 2475 5129 2671 1841 -1 -1 -1 -1 -1 -1 -1 -1 -1 -1 -1 -1
25 3202 5717 5593 993 7843 4651 6105 8567 2257 2953 2625 5065 1137 -1 -1 -1 -1 -1 -1 -1 -1 -1 -1 -1 -1
25 9691 1121 8155 7309 4559 5523 2431 1535 521 4737 4589 3819 1677 -1 -1 -1 -1 -1 -1 -1 -1 -1 -1 -1 -1
25 9087 4661 4493 5553 8229 5073 9185 7699 9663 7033 1285 3787 4185 -1 -1 -1 -1 -1 -1 -1 -1 -1 -1 -1 -1
25 1100 245 1667 9763 2023 4899 3053 5271 2655 765 4859 4189 9675 -1 -1 -1 -1 -1 -1 -1 -1 -1 -1 -1 -1
25 2520 6669 8795 7113 8895 8767 2325 217 3639 2001 5791 5883 6595 -1 -1 -1 -1 -1 -1 -1 -1 -1 -1 -1 -1
25 8426 481 8831 2173 6379 4523 7351 1989 5993 4999 9921 1641 5865 -1 -1 -1 -1 -1 -1 -1 -1 -1 -1 -1 -1
25 8713 9965 611 4477 2397 5133 2231 8015 3401 563 3147 6019 7789 -1 -1 -1 -1 -1 -1 -1 -1 -1 -1 -1 -1
25 1625 9813 9681 1081 2393 1747 6583 1351 4771 4991 6275 9609 6241 -1 -1 -1 -1 -1 -1 -1 -1 -1 -1 -1 -1
25 9306 2681 6173 97 8533 5583 473 2685 8679 2481 7481 5147 8119 -1 -1 -1 -1 -1 -1 -1 -1 -1 -1 -1 -1
25 7319 209 8187 7555 7931 67 6733 1163 2895 6427 4283 251 3559 -1 -1 -1 -1 -1 -1 -1 -1 -1 -1 -1 -1
25 3067 9469 3119 6279 8023 2935 8025 6431 1673 4361 5555 3349 7335 -1 -1 -1 -1 -1 -1 -1 -1 -1 -1 -1 -1
25 8774 3779 761 3227 987 7147 2939 157 2091 4169 6449 491 2449 -1 -1 -1 -1 -1 -1 -1 -1 -1 -1 -1 -1
25 6377 55 2409 9539 865 3077 3159 5793 3897 167 8267 927 3679 -1 -1 -1 -1 -1 -1 -1 -1 -1 -1 -1 -1
25 5500 9255 4065 1721 9849 8307 9183 9957 9989 8405 9875 6323 7459 -1 -1 -1 -1 -1 -1 -1 -1 -1 -1 -1 -1
25 5698 2401 313 115 2025 1123 7999 4097 7703 6835 73 7413 3535 -1 -1 -1 -1 -1 -1 -1 -1 -1 -1 -1 -1
25 2915 5983 477 2675 1561 6953 467 2451 4727 603 4199 2669 7011 -1 -1 -1 -1 -1 -1 -1 -1 -1 -1 -1 -1
25 4170 8573 8071 6139 5709 5353 8299 4165 2367 651 8685 3041 8519 -1 -1 -1 -1 -1 -1 -1 -1 -1 -1 -1 -1
25 3849 493 3539 9325 2907 4055 1551 5589 4513 1103 9931 3095 321 -1 -1 -1 -1 -1 -1 -1 -1 -1 -1 -1 -1
25 3424 6951 6119 1985 5907 4893 9943 1469 4573 237 5871 6177 3093 -1 -1 -1 -1 -1 -1 -1 -1 -1 -1 -1 -1
25 7677 2455 1835 4497 8103 2729 1953 7419 8805 7 8423 5011 327 -1 -1 -1 -1 -1 -1 -1 -1 -1 -1 -1 -1
25 8277 6307 4205 553 9611 4777 589 1171 773 61 7261 2767 811 -1 -1 -1 -1 -1 -1 -1 -1 -1 -1 -1 -1
25 8979 1995 6729 1415 5101 3163 8997 5747 5165 7765 5683 763 3887 -1 -1 -1 -1 -1 -1 -1 -1 -1 -1 -1 -1
25 8715 1869 753 9357 5105 9085 6325 5525 2267 5223 9339 2259 2609 -1 -1 -1 -1 -1 -1 -1 -1 -1 -1 -1 -1
25 3891 7379 1465 3793 3211 7587 1065 4681 1329 9693 6335 6035 2839 -1 -1 -1 -1 -1 -1 -1 -1 -1 -1 -1 -1
25 2422 2147 3433 2075 8237 4219 4429 6755 2763 4557 3667 2133 9569 -1 -1 -1 -1 -1 -1 -1 -1 -1 -1 -1 -1
25 4455 5295 2997 105 163 3267 4881 195 5595 5297 1225 371 3185 -1 -1 -1 -1 -1 -1 -1 -1 -1 -1 -1 -1
25 499 3947 2323 5045 8051 7077 293 9181 2303 9365 597 4795 6559 -1 -1 -1 -1 -1 -1 -1 -1 -1 -1 -1 -1
25 2742 3317 7211 3839 3851 6743 2777 6663 4175 2347 5283 1969 5819 -1 -1 -1 -1 -1 -1 -1 -1 -1 -1 -1 -1
25 2293 697 3701 5803 9859 399 1519 9055 9211 6887 429 5599 3347 -1 -1 -1 -1 -1 -1 -1 -1 -1 -1 -1 -1
25 3572 4109 3789 2667 1271 543 1235 7753 45 781 5773 1731 9577 -1 -1 -1 -1 -1 -1 -1 -1 -1 -1 -1 -1
25 4200 5771 6985 9809 7493 6381 4993 1789 503 785 3143 2103 9311 -1 -1 -1 -1 -1 -1 -1 -1 -1 -1 -1 -1
25 7428 9845 4481 6359 2693 3977 9533 1165 4201 5085 2349 131 2463 -1 -1 -1 -1 -1 -1 -1 -1 -1 -1 -1 -1
25 7585 1959 9135 5193 6885 2051 8817 4529 5333 3937 5207 1847 4911 -1 -1 -1 -1 -1 -1 -1 -1 -1 -1 -1 -1
25 892 9559 2799 5951 3905 6165 5475 3195 2199 631 2251 7813 7393 -1 -1 -1 -1 -1 -1 -1 -1 -1 -1 -1 -1
25 1674 2657 6357 5087 4689 7259 6773 7839 3365 9107 3015 1403 6931 -1 -1 -1 -1 -1 -1 -1 -1 -1 -1 -1 -1
25 1251 4421 1647 2543 3225 6529 8049 4619 9053 87 289 9189 9829 -1 -1 -1 -1 -1 -1 -1 -1 -1 -1 -1 -1
25 5710 9011 1913 1325 7145 3959 6655 4517 1775 7089 5037 4257 9635 -1 -1 -1 -1 -1 -1 -1 -1 -1 -1 -1 -1
25 2523 3129 6825 8245 8603 6375 663 5687 6555 9413 4179 3945 2019 -1 -1 -1 -1 -1 -1 -1 -1 -1 -1 -1 -1
25 6068 1177 4035 7729 4773 3593 2461 5655 3801 6551 9873 4811 4127 -1 -1 -1 -1 -1 -1 -1 -1 -1 -1 -1 -1
25 8967 203 7229 2505 1831 8289 8153 9755 3943 1099 4545 9307 4951 -1 -1 -1 -1 -1 -1 -1 -1 -1 -1 -1 -1
25 8447 2495 9341 9101 9789 5801 77 7917 1155 7841 1545 6845 8319 -1 -1 -1 -1 -1 -1 -1 -1 -1 -1 -1 -1
25 1530 7975 9949 3531 8339 9421 3709 3555 5807 8859 2435 8391 6819 -1 -1 -1 -1 -1 -1 -1 -1 -1 -1 -1 -1
25 1778 1955 2937 5603 5481 9407 4459 2093 4945 9679 7055 7977 9753 -1 -1 -1 -1 -1 -1 -1 -1 -1 -1 -1 -1
25 2143 3821 1529 7693 929 5999 4919 3483 3385 925 3837 901 6789 -1 -1 -1 -1 -1 -1 -1 -1 -1 -1 -1 -1
25 6786 2539 9065 379 3997 2345 4237 5963 205 7625 9243 8877 757 -1 -1 -1 -1 -1 -1 -1 -1 -1 -1 -1 -1
25 1489 7631 9457 369 3425 2917 2017 2285 5149 5549 1481 8313 6603 -1 -1 -1 -1 -1 -1 -1 -1 -1 -1 -1 -1
25 4084 9543 8955 5847 8659 9779 2189 6249 6309 4783 9953 5735 805 -1 -1 -1 -1 -1 -1 -1 -1 -1 -1 -1 -1
25 3024 3403 9419 9151 6319 7935 3973 2485 8231 8633 6097 937 7131 -1 -1 -1 -1 -1 -1 -1 -1 -1 -1 -1 -1
25 6155 6765 5291 8493 9441 6779 4067 1941 1361 5229 8295 6717 8001 -1 -1 -1 -1 -1 -1 -1 -1 -1 -1 -1 -1
25 3976 5307 4887 297 897 2137 8881 963 7893 9279 6341 5731 7731 -1 -1 -1 -1 -1 -1 -1 -1 -1 -1 -1 -1
25 9412 5425 8173 9505 1393 8383 1145 2913 2183 8497 5121 637 5265 -1 -1 -1 -1 -1 -1 -1 -1 -1 -1 -1 -1
25 2335 3541 1557 3785 6915 4473 8325 6811 9959 6259 4743 301 9545 -1 -1 -1 -1 -1 -1 -1 -1 -1 -1 -1 -1
25 7117 8309 6305 3685 7167 7701 3763 1671 1151 9529 7955 469 9937 -1 -1 -1 -1 -1 -1 -1 -1 -1 -1 -1 -1
25 3176 1267 1693 7457 281 5005 5733 6801 7997 4271 1549 8089 1931 -1 -1 -1 -1 -1 -1 -1 -1 -1 -1 -1 -1
25 9495 9385 6023 6283 8099 2561 3101 7543 8135 9713 5127 5623 5891 -1 -1 -1 -1 -1 -1 -1 -1 -1 -1 -1 -1
25 5466 409 3879 1211 7609 3221 4335 3707 5215 165 7821 7801 759 -1 -1 -1 -1 -1 -1 -1 -1 -1 -1 -1 -1
25 6304 8207 9171 4327 6751 4043 1629 487 2155 8769 8515 1809 1439 -1 -1 -1 -1 -1 -1 -1 -1 -1 -1 -1 -1
25 6004 9869 5495 9975 365 9103 4135 1053 4849 2647 4509 4785 2227 -1 -1 -1 -1 -1 -1 -1 -1 -1 -1 -1 -1
25 9401 5025 4585 353 9823 2945 8127 9431 7925 4465 8579 3327 5449 -1 -1 -1 -1 -1 -1 -1 -1 -1 -1 -1 -1
25 6239 4815 8035 2275 3811 6231 4789 9423 1505 8733 1739 5551 7733 -1 -1 -1 -1 -1 -1 -1 -1 -1 -1 -1 -1
25 513 4867 5187 691 9687 8261 3489 2269 7887 3889 7859 1479 2243 -1 -1 -1 -1 -1 -1 -1 -1 -1 -1 -1 -1
25 661 3603 5601 7761 4211 3753 173 9295 5761 3695 7705 1043 4281 -1 -1 -1 -1 -1 -1 -1 -1 -1 -1 -1 -1
25 6168 5205 4659 867 1875 2535 5597 2739 5585 6957 4391 6979 8123 -1 -1 -1 -1 -1 -1 -1 -1 -1 -1 -1 -1
25 5517 4717 5371 7877 1541 3339 4903 6027 2459 6109 4551 6057 5293 -1 -1 -1 -1 -1 -1 -1 -1 -1 -1 -1 -1
25 2711 5887 9751 9249 1159 3321 3167 4801 9855 3177 5469 5581 9827 -1 -1 -1 -1 -1 -1 -1 -1 -1 -1 -1 -1
25 3430 5377 9527 8243 8843 1037 6517 7913 7695 2727 5657 4901 1823 -1 -1 -1 -1 -1 -1 -1 -1 -1 -1 -1 -1
25 7224 6879 9733 8263 2977 7651 7195 6947 1687 9115 7539 5311 4277 -1 -1 -1 -1 -1 -1 -1 -1 -1 -1 -1 -1
25 6159 5535 6601 3165 9303 1741 7189 7377 9047 9519 7359 2193 4133 -1 -1 -1 -1 -1 -1 -1 -1 -1 -1 -1 -1
25 2230 4507 3663 9019 2191 5171 9547 9665 6315 5671 3207 4735 6257 -1 -1 -1 -1 -1 -1 -1 -1 -1 -1 -1 -1
25 9503 825 5091 4637 5211 9541 9697 8077 3823 7199 9391 4697 1359 -1 -1 -1 -1 -1 -1 -1 -1 -1 -1 -1 -1
25 1697 41 8421 3609 1791 683 8673 7107 6229 7067 7947 2683 8057 -1 -1 -1 -1 -1 -1 -1 -1 -1 -1 -1 -1
25 4635 6003 607 1937 6103 3661 809 973 451 4609 5075 6693 5821 -1 -1 -1 -1 -1 -1 -1 -1 -1 -1 -1 -1
25 4467 4665 6927 6237 3673 1921 7353 8829 8709 3515 9005 2843 5939 -1 -1 -1 -1 -1 -1 -1 -1 -1 -1 -1 -1
25 7804 4873 4139 1523 8857 8571 2299 5639 1623 9125 99 2583 4177 -1 -1 -1 -1 -1 -1 -1 -1 -1 -1 -1 -1
25 9274 9805 6969 9655 4561 4073 2039 8317 6787 3581 9521 9129 8453 -1 -1 -1 -1 -1 -1 -1 -1 -1 -1 -1 -1
25 8892 3991 7663 4617 7793 5379 1597 139 2403 8483 4181 107 1701 -1 -1 -1 -1 -1 -1 -1 -1 -1 -1 -1 -1
25 873 5541 241 4415 387 5143 9727 3777 63 5989 7833 3529 5547 -1 -1 -1 -1 -1 -1 -1 -1 -1 -1 -1 -1
25 2975 5507 2981 4213 8691 9351 4259 1965 5945 3911 8139 2211 2203 -1 -1 -1 -1 -1 -1 -1 -1 -1 -1 -1 -1
25 6741 3017 5453 843 1709 4009 261 7063 3059 3933 3705 2697 59 -1 -1 -1 -1 -1 -1 -1 -1 -1 -1 -1 -1
25 6053 7637 8609 3261 2893 2923 8129 227 5355 9603 1219 273 6721 -1 -1 -1 -1 -1 -1 -1 -1 -1 -1 -1 -1
25 8548 7249 3057 5679 8159 11 6137 9425 8757 9491 6411 9775 9097 -1 -1 -1 -1 -1 -1 -1 -1 -1 -1 -1 -1
25 6455 4761 8445 6081 7045 3293 3979 8121 4917 8985 6011 13 3975 -1 -1 -1 -1 -1 -1 -1 -1 -1 -1 -1 -1
25 3601 3381 8395 175 4301 695 9739 5921 647 3131 7739 667 9449 -1 -1 -1 -1 -1 -1 -1 -1 -1 -1 -1 -1
25 8978 423 8937 4089 1639 4851 1357 9293 8727 7911 9601 7863 8517 -1 -1 -1 -1 -1 -1 -1 -1 -1 -1 -1 -1
25 9666 1221 9037 6657 5569 3277 859 8583 2549 3303 2747 6045 1923 -1 -1 -1 -1 -1 -1 -1 -1 -1 -1 -1 -1
25 874 8351 4645 7445 6681 3137 4647 1853 6037 373 6701 7163 1805 -1 -1 -1 -1 -1 -1 -1 -1 -1 -1 -1 -1
25 1421 8157 6261 2053 6831 7547 3299 2447 9437 8677 2067 317 4307 -1 -1 -1 -1 -1 -1 -1 -1 -1 -1 -1 -1
25 6875 8835 4615 7513 4209 9139 171 7327 3223 2705 6217 4611 1001 -1 -1 -1 -1 -1 -1 -1 -1 -1 -1 -1 -1
25 3461 6255 9497 4195 285 2959 9237 6289 9323 6797 6401 7183 1207 -1 -1 -1 -1 -1 -1 -1 -1 -1 -1 -1 -1
25 3865 6327 2059 1725 1787 689 4469 3049 743 6599 5831 8879 3749 -1 -1 -1 -1 -1 -1 -1 -1 -1 -1 -1 -1
25 7768 7373 2927 1859 2057 4033 3913 8081 1131 1927 5489 1095 1055 -1 -1 -1 -1 -1 -1 -1 -1 -1 -1 -1 -1
25 4112 5017 5135 9075 6905 7363 4173 6131 8885 3297 7469 9061 6113 -1 -1 -1 -1 -1 -1 -1 -1 -1 -1 -1 -1
25 8203 9631 2741 4045 8815 991 5309 441 621 2891 5787 5533 795 -1 -1 -1 -1 -1 -1 -1 -1 -1 -1 -1 -1
25 3773 5285 1845 5861 1679 3847 7957 9111 2489 2069 4413 401 325 -1 -1 -1 -1 -1 -1 -1 -1 -1 -1 -1 -1
25 4233 1527 233 6737 7381 3449 4323 7969 9883 5843 6287 3417 8337 -1 -1 -1 -1 -1 -1 -1 -1 -1 -1 -1 -1
25 7792 4349 7253 461 9667 7791 9821 4289 3587 6369 4129 7165 1293 -1 -1 -1 -1 -1 -1 -1 -1 -1 -1 -1 -1
25 5189 6125 1245 6587 777 2715 7217 2351 8531 3427 4967 1301 3069 -1 -1 -1 -1 -1 -1 -1 -1 -1 -1 -1 -1
25 4575 2649 475 7169 5959 9023 693 363 3383 7157 4375 8581 5471 -1 -1 -1 -1 -1 -1 -1 -1 -1 -1 -1 -1
25 5049 565 6647 4441 463 5417 4265 253 4341 7225 9439 1497 6795 -1 -1 -1 -1 -1 -1 -1 -1 -1 -1 -1 -1
25 8370 6265 2551 8617 9319 639 7735 4631 9509 1691 6343 3369 5179 -1 -1 -1 -1 -1 -1 -1 -1 -1 -1 -1 -1
25 965 3263 823 5809 9167 575 4567 305 6303 9715 869 5395 1261 -1 -1 -1 -1 -1 -1 -1 -1 -1 -1 -1 -1
25 7779 1313 7209 1475 3173 2633 8539 3061 7247 7421 5095 4149 8113 -1 -1 -1 -1 -1 -1 -1 -1 -1 -1 -1 -1
25 6164 7465 1381 2045 3765 8755 943 8971 2149 1241 3683 3641 7533 -1 -1 -1 -1 -1 -1 -1 -1 -1 -1 -1 -1
25 4935 47 5751 7679 4787 6447 5561 7661 6691 6929 6477 2287 8941 -1 -1 -1 -1 -1 -1 -1 -1 -1 -1 -1 -1
25 6206 4863 7861 8585 355 3115 3359 8161 7031 6781 755 9797 7133 -1 -1 -1 -1 -1 -1 -1 -1 -1 -1 -1 -1
25 4194 4673 5799 3099 9379 1283 999 3503 2081 9803 567 2277 8947 -1 -1 -1 -1 -1 -1 -1 -1 -1 -1 -1 -1
25 2957 3557 1365 4819 3799 4843 7321 2215 2617 8409 2339 8717 6191 -1 -1 -1 -1 -1 -1 -1 -1 -1 -1 -1 -1
25 9267 4299 6705 189 9881 4235 6679 8003 2493 7845 5515 7951 3929 -1 -1 -1 -1 -1 -1 -1 -1 -1 -1 -1 -1
25 9556 1223 3493 1459 819 4543 7939 3353 5111 3357 7597 7563 5857 -1 -1 -1 -1 -1 -1 -1 -1 -1 -1 -1 -1
25 3291 435 5267 3203 7749 4279 9661 3387 5893 9745 6501 1295 7527 -1 -1 -1 -1 -1 -1 -1 -1 -1 -1 -1 -1
25 2511 6711 7847 6491 7267 1411 8841 9389 5823 9063 9689 4079 263 -1 -1 -1 -1 -1 -1 -1 -1 -1 -1 -1 -1
25 4184 5757 2781 3867 8111 8291 3613 3935 3713 367 2865 5239 1653 -1 -1 -1 -1 -1 -1 -1 -1 -1 -1 -1 -1
25 1030 6245 671 8485 215 6625 7505 1011 2471 5081 5935 6685 4013 -1 -1 -1 -1 -1 -1 -1 -1 -1 -1 -1 -1
25 1588 7255 415 9963 1539 151 1253 2545 3491 6039 1815 5737 4799 -1 -1 -1 -1 -1 -1 -1 -1 -1 -1 -1 -1
25 4164 2973 4007 649 4921 7091 3399 9725 6145 2083 1507 4729 737 -1 -1 -1 -1 -1 -1 -1 -1 -1 -1 -1 -1
25 5480 8179 5263 4227 3271 9247 3233 9021 6661 5177 6725 5889 8087 -1 -1 -1 -1 -1 -1 -1 -1 -1 -1 -1 -1
25 5890 9045 6101 3247 15 3877 6975 5175 6075 3479 6193 5563 6507 -1 -1 -1 -1 -1 -1 -1 -1 -1 -1 -1 -1
25 7347 7929 2751 821 6301 9879 9331 815 9895 5325 9057 7035 675 -1 -1 -1 -1 -1 -1 -1 -1 -1 -1 -1 -1
25 8274 9927 375 3373 4111 8431 8199 9597 8417 8393 4061 3035 2271 -1 -1 -1 -1 -1 -1 -1 -1 -1 -1 -1 -1
25 7927 6473 5433 3623 2557 7009 183 7015 5109 9551 9203 3677 295 -1 -1 -1 -1 -1 -1 -1 -1 -1 -1 -1 -1
25 6756 4875 7759 3675 8193 2341 5925 3525 8771 1063 8441 6273 1887 -1 -1 -1 -1 -1 -1 -1 -1 -1 -1 -1 -1
25 368 489 5069 1521 2179 7645 2749 8039 1049 2723 6435 6627 5029 -1 -1 -1 -1 -1 -1 -1 -1 -1 -1 -1 -1
25 200 3073 2207 7769 6515 3471 7497 3577 9991 9099 5669 1425 1009 -1 -1 -1 -1 -1 -1 -1 -1 -1 -1 -1 -1
25 3989 5829 8615 7629 6345 2501 2099 2365 1919 4793 4855 3571 8185 -1 -1 -1 -1 -1 -1 -1 -1 -1 -1 -1 -1
25 4910 8915 645 4971 8109 6363 6829 8887 5759 1659 1899 9169 2845 -1 -1 -1 -1 -1 -1 -1 -1 -1 -1 -1 -1
25 530 533 9209 8981 3231 8935 3495 1485 1405 2849 1059 4445 7601 -1 -1 -1 -1 -1 -1 -1 -1 -1 -1 -1 -1
25 5006 9633 169 969 4019 9029 8359 2911 1975 8455 8095 5659 4553 -1 -1 -1 -1 -1 -1 -1 -1 -1 -1 -1 -1
25 277 9815 7785 5899 8871 6353 7521 2389 7517 9615 5869 8925 1003 -1 -1 -1 -1 -1 -1 -1 -1 -1 -1 -1 -1
25 608 975 8529 2453 5725 9043 6205 5383 1821 6071 8929 9793 9131 -1 -1 -1 -1 -1 -1 -1 -1 -1 -1 -1 -1
25 9320 9487 6537 6331 1203 8705 5625 9899 3355 1157 3745 9781 3043 -1 -1 -1 -1 -1 -1 -1 -1 -1 -1 -1 -1
25 4255 839 1281 949 9143 4747 361 1769 5 6143 2823 5937 5063 -1 -1 -1 -1 -1 -1 -1 -1 -1 -1 -1 -1
