29 5335 5335 7303 823 2311 3719 8629 9073 2851 8741 8595 2163 2811 8121 7999 8997 -1 -1 -1 -1 -1 -1 -1 -1 -1 -1 -1 -1 -1
29 1970 1379 5933 8179 1981 6513 1651 2145 6027 2433 1693 2325 6829 2225 5755 9875 -1 -1 -1 -1 -1 -1 -1 -1 -1 -1 -1 -1 -1
29 4670 6555 2461 8929 5275 7631 7215 6973 5867 6215 5879 7525 6137 6365 8461 2259 -1 -1 -1 -1 -1 -1 -1 -1 -1 -1 -1 -1 -1
29 3550 97 3413 2437 4271 3645 1637 5207 7203 1299 2955 1023 8185 6439 7591 6839 -1 -1 -1 -1 -1 -1 -1 -1 -1 -1 -1 -1 -1
29 1379 6571 7293 1857 7031 7861 6765 4777 4553 6419 7651 8815 2517 7033 2327 4861 -1 -1 -1 -1 -1 -1 -1 -1 -1 -1 -1 -1 -1
29 6555 8703 8467 9301 5813 6857 411 6275 8991 4315 4559 8857 2675 8355 3571 2473 -1 -1 -1 -1 -1 -1 -1 -1 -1 -1 -1 -1 -1
29 3976 4989 315 7897 5459 6883 6301 3811 7185 8553 5045 8579 6721 3025 5001 3945 -1 -1 -1 -1 -1 -1 -1 -1 -1 -1 -1 -1 -1
29 97 763 8863 1005 7807 6821 6835 3295 5671 2265 2009 301 2743 95 5287 1563 -1 -1 -1 -1 -1 -1 -1 -1 -1 -1 -1 -1 -1
29 8208 9005 139 8647 9285 6271 4539 8699 2053 2499 1089 6997 6063 5299 461 7783 -1 -1 -1 -1 -1 -1 -1 -1 -1 -1 -1 -1 -1
29 9516 9957 8071 6273 8935 9747 7021 1049 4495 1433 3487 997 6129 7053 7829 6789 -1 -1 -1 -1 -1 -1 -1 -1 -1 -1 -1 -1 -1
29 6571 8525 4057 9905 3547 8585 5065 1505 3881 8911 1301 7009 377 2185 255 1823 -1 -1 -1 -1 -1 -1 -1 -1 -1 -1 -1 -1 -1
29 1062 9237 5089 4319 547 3589 49 5835 813 4251 1039 2153 3317 3437 1013 9473 -1 -1 -1 -1 -1 -1 -1 -1 -1 -1 -1 -1 -1
29 8703 9897 8173 7799 581 8037 8909 3417 163 8423 6015 8085 603 6837 299 7283 -1 -1 -1 -1 -1 -1 -1 -1 -1 -1 -1 -1 -1
29 1164 6247 6047 5657 5725 4643 75 2965 81 2853 6847 3581 7025 3853 3113 5241 -1 -1 -1 -1 -1 -1 -1 -1 -1 -1 -1 -1 -1
29 4989 9807 5363 9903 7463 8073 8009 8273 7637 7561 8593 7645 1467 8223 1763 4359 -1 -1 -1 -1 -1 -1 -1 -1 -1 -1 -1 -1 -1
29 763 5179 7913 695 2627 7851 2659 4529 3537 1109 1259 2563 7321 4421 8757 6127 -1 -1 -1 -1 -1 -1 -1 -1 -1 -1 -1 -1 -1
29 9005 347 4013 9335 509 2059 4915 7151 3731 4745 2595 9703 9845 5095 3359 7573 -1 -1 -1 -1 -1 -1 -1 -1 -1 -1 -1 -1 -1
29 9957 829 5663 195 6415 1727 2367 9817 4627 3243 5133 3817 7509 1457 2411 8459 -1 -1 -1 -1 -1 -1 -1 -1 -1 -1 -1 -1 -1
29 8525 3751 4797 6139 8117 1607 5987 7985 9825 3299 7709 6999 5073 2741 5205 535 -1 -1 -1 -1 -1 -1 -1 -1 -1 -1 -1 -1 -1
29 9237 9475 1979 7977 1333 2807 6511 1325 9831 3647 363 2647 7809 1535 4043 6425 -1 -1 -1 -1 -1 -1 -1 -1 -1 -1 -1 -1 -1
29 342 6193 469 2241 1119 9573 3517 8261 9435 9437 51 8907 4603 7615 1351 2639 -1 -1 -1 -1 -1 -1 -1 -1 -1 -1 -1 -1 -1
29 9432 7241 9117 8323 1543 2031 89 5263 2209 1541 5407 2255 6471 361 3169 8303 -1 -1 -1 -1 -1 -1 -1 -1 -1 -1 -1 -1 -1
29 7826 3445 3223 6593 2505 7371 6441 9129 8293 2797 4929 7983 777 2015 471 7373 -1 -1 -1 -1 -1 -1 -1 -1 -1 -1 -1 -1 -1
29 9897 3485 7113 5771 5195 7695 2681 4455 4903 3803 1671 8347 3807 9681 3109 7963 -1 -1 -1 -1 -1 -1 -1 -1 -1 -1 -1 -1 -1
29 6247 6949 2621 7857 6059 2895 1751 8613 7149 5223 893 4375 4343 1831 8133 875 -1 -1 -1 -1 -1 -1 -1 -1 -1 -1 -1 -1 -1
29 698 1075 4445 8433 2537 7475 819 1059 9537 3123 3233 545 9501 367 887 8419 -1 -1 -1 -1 -1 -1 -1 -1 -1 -1 -1 -1 -1
29 9807 1893 9715 3995 7991 953 4503 4115 1677 8263 3989 3075 5801 4477 9471 2997 -1 -1 -1 -1 -1 -1 -1 -1 -1 -1 -1 -1 -1
29 6270 5047 6805 6799 7791 5621 1911 1197 1095 2435 2457 7873 9389 8095 9589 9985 -1 -1 -1 -1 -1 -1 -1 -1 -1 -1 -1 -1 -1
29 5179 5923 2159 1841 9143 5845 1363 7109 8711 6979 323 6227 8963 5695 5467 4837 -1 -1 -1 -1 -1 -1 -1 -1 -1 -1 -1 -1 -1
29 6062 2827 7391 6981 7413 1323 2497 291 3703 2027 1545 1589 3199 1439 275 5977 -1 -1 -1 -1 -1 -1 -1 -1 -1 -1 -1 -1 -1
29 347 7095 2471 4543 2819 2371 419 7295 5901 6615 4691 8967 3065 7069 8333 6087 -1 -1 -1 -1 -1 -1 -1 -1 -1 -1 -1 -1 -1
29 7956 8795 1663 5445 8081 6435 6405 2479 35 2489 6037 9821 7663 4139 7129 3089 -1 -1 -1 -1 -1 -1 -1 -1 -1 -1 -1 -1 -1
29 829 4513 765 6729 9517 9731 7917 1597 4189 2613 4997 5083 6915 5971 3891 9083 -1 -1 -1 -1 -1 -1 -1 -1 -1 -1 -1 -1 -1
29 1116 493 5145 8177 2093 6633 697 2135 5499 8581 8309 5169 1847 5519 1341 3973 -1 -1 -1 -1 -1 -1 -1 -1 -1 -1 -1 -1 -1
29 3751 6687 8881 9813 1509 9971 4275 3331 2359 1167 4095 6021 4713 8183 583 1803 -1 -1 -1 -1 -1 -1 -1 -1 -1 -1 -1 -1 -1
29 6064 3039 6825 661 2709 8353 5823 7867 6049 9495 6711 5699 7005 7757 7881 6785 -1 -1 -1 -1 -1 -1 -1 -1 -1 -1 -1 -1 -1
29 6193 1901 3523 2883 6327 6371 5211 2767 5693 1525 7135 5701 5993 2713 9553 3549 -1 -1 -1 -1 -1 -1 -1 -1 -1 -1 -1 -1 -1
29 246 8725 1617 1633 8979 5489 8799 6445 2057 901 601 8413 3827 5775 6877 3255 -1 -1 -1 -1 -1 -1 -1 -1 -1 -1 -1 -1 -1
29 9644 9521 8923 5575 5549 1027 7887 1421 3847 2417 9889 3631 3759 7639 2663 6683 -1 -1 -1 -1 -1 -1 -1 -1 -1 -1 -1 -1 -1
29 7241 279 8357 8985 4757 7997 2149 8053 8281 9675 6385 933 1761 2527 7365 6347 -1 -1 -1 -1 -1 -1 -1 -1 -1 -1 -1 -1 -1
29 3445 6043 8557 6879 7617 2467 531 2141 6731 9393 8315 2643 7545 3137 5573 4499 -1 -1 -1 -1 -1 -1 -1 -1 -1 -1 -1 -1 -1
29 3485 3967 691 9661 1765 3279 7577 9095 1373 2247 9093 2935 9279 4373 5493 9901 -1 -1 -1 -1 -1 -1 -1 -1 -1 -1 -1 -1 -1
29 6949 2863 7311 2483 3937 371 4659 5333 1055 8709 8655 1069 339 3657 1195 4879 -1 -1 -1 -1 -1 -1 -1 -1 -1 -1 -1 -1 -1
29 1075 1729 4859 6911 6461 4353 3143 7543 1093 3427 7419 2857 1621 6611 5825 2803 -1 -1 -1 -1 -1 -1 -1 -1 -1 -1 -1 -1 -1
29 3788 4159 7451 8243 5805 9075 1635 9621 2295 7981 7415 4515 877 7013 4557 9337 -1 -1 -1 -1 -1 -1 -1 -1 -1 -1 -1 -1 -1
29 348 1785 8209 5719 4973 5591 85 9123 1229 1149 1269 359 6337 9283 6315 9783 -1 -1 -1 -1 -1 -1 -1 -1 -1 -1 -1 -1 -1
29 9532 2449 7017 1527 415 5789 6093 2239 343 2541 615 4869 805 2125 2047 6957 -1 -1 -1 -1 -1 -1 -1 -1 -1 -1 -1 -1 -1
29 7550 3117 8101 6209 6885 8771 6065 4715 4183 6971 6233 8189 143 4883 9587 7083 -1 -1 -1 -1 -1 -1 -1 -1 -1 -1 -1 -1 -1
29 4806 5697 9313 4979 2567 5213 1921 1053 3443 5315 1207 9677 1829 1783 8425 5139 -1 -1 -1 -1 -1 -1 -1 -1 -1 -1 -1 -1 -1
29 7634 1649 1041 5039 9705 9829 5917 2253 9329 9725 6715 6145 5427 9325 1 591 -1 -1 -1 -1 -1 -1 -1 -1 -1 -1 -1 -1 -1
29 7222 657 4563 4505 6013 1327 8385 7579 1639 8649 2083 5291 8015 2287 3231 5853 -1 -1 -1 -1 -1 -1 -1 -1 -1 -1 -1 -1 -1
29 9512 1757 269 735 6533 8187 9741 779 9189 8249 5687 9871 8925 8713 9717 3245 -1 -1 -1 -1 -1 -1 -1 -1 -1 -1 -1 -1 -1
29 8 5099 6855 9977 1227 1473 4331 7575 1141 6919 313 7377 3269 2949 7353 1087 -1 -1 -1 -1 -1 -1 -1 -1 -1 -1 -1 -1 -1
29 2898 2921 1699 7019 5711 2985 9307 9273 8257 1411 3565 7059 5761 6453 8847 6199 -1 -1 -1 -1 -1 -1 -1 -1 -1 -1 -1 -1 -1
29 1893 8033 4849 9201 253 7965 4171 7367 2429 1707 7955 8437 7205 815 2181 5431 -1 -1 -1 -1 -1 -1 -1 -1 -1 -1 -1 -1 -1
29 5047 7325 1381 9053 621 5257 6787 4249 489 1657 5023 3955 3585 7681 7273 5605 -1 -1 -1 -1 -1 -1 -1 -1 -1 -1 -1 -1 -1
29 742 9171 7469 1811 3717 1697 7417 1737 2439 2679 8689 39 8007 6629 4645 9429 -1 -1 -1 -1 -1 -1 -1 -1 -1 -1 -1 -1 -1
29 5923 3077 6109 9637 6169 2481 5723 1429 7087 3821 5119 5645 673 369 1611 4853 -1 -1 -1 -1 -1 -1 -1 -1 -1 -1 -1 -1 -1
29 46 523 9479 8393 6265 1991 5921 8193 393 7927 5121 6773 3393 4335 303 9239 -1 -1 -1 -1 -1 -1 -1 -1 -1 -1 -1 -1 -1
29 2827 7959 3593 6751 2275 2925 4347 3907 6229 4205 3545 2887 2973 6451 405 4439 -1 -1 -1 -1 -1 -1 -1 -1 -1 -1 -1 -1 -1
29 9614 835 3561 8045 6867 9161 969 9899 8381 1641 5189 8755 2657 7307 3247 9911 -1 -1 -1 -1 -1 -1 -1 -1 -1 -1 -1 -1 -1
29 7095 4429 6391 4999 1393 1875 9951 6351 4093 3195 4241 8299 1223 6545 2975 6777 -1 -1 -1 -1 -1 -1 -1 -1 -1 -1 -1 -1 -1
29 5602 2795 2335 6289 749 2099 5193 653 8417 3745 257 67 8669 5409 2379 7041 -1 -1 -1 -1 -1 -1 -1 -1 -1 -1 -1 -1 -1
29 3566 5087 7657 687 8559 2075 5453 6563 8957 743 7743 8813 7043 1539 4493 5103 -1 -1 -1 -1 -1 -1 -1 -1 -1 -1 -1 -1 -1
29 8795 495 8275 1017 9679 8589 973 3367 3153 1821 7291 1163 7047 2283 3085 1691 -1 -1 -1 -1 -1 -1 -1 -1 -1 -1 -1 -1 -1
29 8098 333 5141 2109 8409 7123 5517 6177 3667 927 4647 2913 1661 1819 4103 2665 -1 -1 -1 -1 -1 -1 -1 -1 -1 -1 -1 -1 -1
29 4513 9965 3307 1061 6503 2349 6051 9967 147 8251 9211 3563 4161 4949 2447 761 -1 -1 -1 -1 -1 -1 -1 -1 -1 -1 -1 -1 -1
29 6687 9711 3689 8811 641 6947 2005 7277 7327 5739 2243 1389 4045 6897 4321 9195 -1 -1 -1 -1 -1 -1 -1 -1 -1 -1 -1 -1 -1
29 7366 4899 7145 6659 1937 7839 519 9397 6779 8517 3229 1377 7855 8031 1789 1201 -1 -1 -1 -1 -1 -1 -1 -1 -1 -1 -1 -1 -1
29 1901 6381 3691 6619 6921 5513 7207 6237 971 4953 525 5955 2645 4839 613 6875 -1 -1 -1 -1 -1 -1 -1 -1 -1 -1 -1 -1 -1
29 1940 9199 5339 3135 5569 1211 3595 2353 9909 8551 2835 1915 7623 3897 1645 4991 -1 -1 -1 -1 -1 -1 -1 -1 -1 -1 -1 -1 -1
29 4846 7067 1843 9181 4291 9645 2103 3155 899 243 4579 1585 9 5565 5899 6685 -1 -1 -1 -1 -1 -1 -1 -1 -1 -1 -1 -1 -1
29 9521 5267 317 1997 731 6151 7011 3 473 4185 4679 5811 6457 6841 1781 6691 -1 -1 -1 -1 -1 -1 -1 -1 -1 -1 -1 -1 -1
29 279 3761 5995 1583 281 2829 4131 5181 2805 8377 5659 741 6291 7763 3293 463 -1 -1 -1 -1 -1 -1 -1 -1 -1 -1 -1 -1 -1
29 5288 8457 5583 7287 1939 7921 5077 8063 7361 141 3813 9051 6253 4109 9447 9693 -1 -1 -1 -1 -1 -1 -1 -1 -1 -1 -1 -1 -1
29 3967 8767 3053 3163 6783 6189 3767 1267 7719 1127 7609 6693 1879 2193 985 847 -1 -1 -1 -1 -1 -1 -1 -1 -1 -1 -1 -1 -1
29 6043 913 3725 8125 573 6157 9577 5151 4323 5053 4163 2897 6945 8283 7217 9401 -1 -1 -1 -1 -1 -1 -1 -1 -1 -1 -1 -1 -1
29 8692 5641 7827 1869 1975 8151 4901 1465 3783 4465 8877 6449 9261 1713 6649 179 -1 -1 -1 -1 -1 -1 -1 -1 -1 -1 -1 -1 -1
29 1729 6285 757 25 5809 1739 2507 3707 3423 1485 5055 6813 9455 611 5331 1043 -1 -1 -1 -1 -1 -1 -1 -1 -1 -1 -1 -1 -1
29 4878 5111 5503 1277 843 1313 63 9751 5201 3465 1849 5703 7973 3677 3193 6469 -1 -1 -1 -1 -1 -1 -1 -1 -1 -1 -1 -1 -1
29 4159 1273 1455 441 5209 2969 6479 663 1203 8349 8013 911 863 2581 9981 4405 -1 -1 -1 -1 -1 -1 -1 -1 -1 -1 -1 -1 -1
29 7098 8019 5149 2285 5633 5021 4329 229 6727 177 9973 4873 9185 7779 5631 4987 -1 -1 -1 -1 -1 -1 -1 -1 -1 -1 -1 -1 -1
29 2449 2635 5449 3713 9001 1533 5255 9033 4307 8235 5397 8335 1387 9823 9551 807 -1 -1 -1 -1 -1 -1 -1 -1 -1 -1 -1 -1 -1
29 9230 3475 6477 7569 4995 8619 7649 3177 1131 8645 9363 5249 1721 9213 8155 19 -1 -1 -1 -1 -1 -1 -1 -1 -1 -1 -1 -1 -1
29 4770 7403 8229 5571 6929 7903 6491 5999 5683 4077 3313 8931 5909 7385 3929 8817 -1 -1 -1 -1 -1 -1 -1 -1 -1 -1 -1 -1 -1
29 3428 9009 4755 4907 5907 5481 5107 2815 8933 9059 3105 4565 9411 6075 5399 967 -1 -1 -1 -1 -1 -1 -1 -1 -1 -1 -1 -1 -1
29 7708 2515 9649 6103 4479 2431 1289 2535 3091 3429 1423 5791 2413 7175 5003 6589 -1 -1 -1 -1 -1 -1 -1 -1 -1 -1 -1 -1 -1
29 5697 2871 8521 4783 6181 6737 8311 5585 9229 4589 6697 3453 7077 7515 8321 4441 -1 -1 -1 -1 -1 -1 -1 -1 -1 -1 -1 -1 -1
29 1649 3029 1107 4039 3993 5721 6207 421 5919 4083 1431 8769 125 8373 5419 6035 -1 -1 -1 -1 -1 -1 -1 -1 -1 -1 -1 -1 -1
29 5194 2127 8359 5599 9947 3305 3399 3291 6411 8793 8325 9057 3377 4845 3253 549 -1 -1 -1 -1 -1 -1 -1 -1 -1 -1 -1 -1 -1
29 5362 2603 885 113 9563 6595 2451 2051 2375 4385 2799 2091 2967 981 595 8869 -1 -1 -1 -1 -1 -1 -1 -1 -1 -1 -1 -1 -1
29 3600 6333 1859 4733 8227 119 271 6283 2391 3905 3835 4689 2165 5737 9653 5061 -1 -1 -1 -1 -1 -1 -1 -1 -1 -1 -1 -1 -1
29 657 5959 4537 9881 9863 4791 6575 3139 8865 6547 5429 5405 8255 9617 7585 3337 -1 -1 -1 -1 -1 -1 -1 -1 -1 -1 -1 -1 -1
29 1757 9269 423 5091 6447 4897 4361 2323 6551 7317 5749 5289 729 3287 1033 1733 -1 -1 -1 -1 -1 -1 -1 -1 -1 -1 -1 -1 -1
29 2696 1335 723 6569 8981 1491 1199 9627 1547 4117 413 5233 861 3067 7813 1101 -1 -1 -1 -1 -1 -1 -1 -1 -1 -1 -1 -1 -1
29 9151 3217 3087 9913 2571 8539 647 5005 6519 6793 373 9855 2551 5827 1973 8403 -1 -1 -1 -1 -1 -1 -1 -1 -1 -1 -1 -1 -1
29 272 853 9331 2383 1115 6269 2423 8751 8097 9619 5059 6849 5839 1221 7823 8161 -1 -1 -1 -1 -1 -1 -1 -1 -1 -1 -1 -1 -1
29 9566 4711 8719 6631 1361 7593 9895 627 5351 3511 9919 2397 2903 8129 2299 4649 -1 -1 -1 -1 -1 -1 -1 -1 -1 -1 -1 -1 -1
29 5099 8705 2377 1479 9579 3633 6627 5117 9467 3815 3637 123 9367 8175 6725 4301 -1 -1 -1 -1 -1 -1 -1 -1 -1 -1 -1 -1 -1
29 7325 5891 9369 6335 2749 8143 1445 3873 1521 5253 8511 929 4925 2187 4191 9801 -1 -1 -1 -1 -1 -1 -1 -1 -1 -1 -1 -1 -1
29 9171 5049 5715 857 6153 3381 5885 2343 5619 6603 2909 1747 2817 2475 507 -1 -1 -1 -1 -1 -1 -1 -1 -1 -1 -1 -1 -1 -1
29 454 6497 1155 6887 2703 8945 7527 3405 2301 5439 1011 7785 6749 733 6965 -1 -1 -1 -1 -1 -1 -1 -1 -1 -1 -1 -1 -1 -1
29 3077 165 5735 3559 4517 4775 4087 4195 3949 8389 2055 2355 4617 8295 2087 -1 -1 -1 -1 -1 -1 -1 -1 -1 -1 -1 -1 -1 -1
29 523 7245 7263 6317 1881 5635 3227 9515 8375 1253 5297 9497 1029 6539 325 -1 -1 -1 -1 -1 -1 -1 -1 -1 -1 -1 -1 -1 -1
29 7959 6549 29 5017 3959 1559 6091 9139 9371 2161 7815 9809 5265 8759 9405 -1 -1 -1 -1 -1 -1 -1 -1 -1 -1 -1 -1 -1 -1
29 4429 8825 1019 2991 41 561 7611 8471 2609 5887 7847 4823 5535 2757 5957 -1 -1 -1 -1 -1 -1 -1 -1 -1 -1 -1 -1 -1 -1
29 8822 9125 3739 2751 9441 4881 2107 3323 9955 383 6185 2825 5015 8051 7181 -1 -1 -1 -1 -1 -1 -1 -1 -1 -1 -1 -1 -1 -1
29 2795 7833 4283 6053 1943 6235 2557 6815 3225 9415 833 6585 8137 4113 9647 -1 -1 -1 -1 -1 -1 -1 -1 -1 -1 -1 -1 -1 -1
29 5087 4663 6903 2177 7107 2781 8851 2747 703 2289 5603 3131 2761 9757 8023 -1 -1 -1 -1 -1 -1 -1 -1 -1 -1 -1 -1 -1 -1
29 7918 8205 4173 5101 5231 8583 8297 8445 675 1777 5547 5347 5093 7337 3325 -1 -1 -1 -1 -1 -1 -1 -1 -1 -1 -1 -1 -1 -1
29 495 3915 5753 809 6203 3957 5529 9601 8727 5911 2509 8801 1873 1925 17 -1 -1 -1 -1 -1 -1 -1 -1 -1 -1 -1 -1 -1 -1
29 7494 6933 2575 983 2779 2649 417 5829 3033 5105 1683 2539 4743 9197 2583 -1 -1 -1 -1 -1 -1 -1 -1 -1 -1 -1 -1 -1 -1
29 9965 6987 3119 7523 1705 8977 4481 4123 941 9457 6891 8861 231 7909 5989 -1 -1 -1 -1 -1 -1 -1 -1 -1 -1 -1 -1 -1 -1
29 9711 4467 8163 1877 439 5029 3383 6073 4795 4145 5035 3721 1103 4815 4541 -1 -1 -1 -1 -1 -1 -1 -1 -1 -1 -1 -1 -1 -1
29 260 7507 3765 4993 4811 9349 3501 6113 7375 793 8055 223 5833 4207 1073 -1 -1 -1 -1 -1 -1 -1 -1 -1 -1 -1 -1 -1 -1
29 1230 7825 6089 4255 5937 7885 191 879 1689 7111 391 527 6345 5505 9671 -1 -1 -1 -1 -1 -1 -1 -1 -1 -1 -1 -1 -1 -1
29 9088 7051 3591 3841 9099 2493 4169 8237 1769 3037 4489 8821 7179 2979 8587 -1 -1 -1 -1 -1 -1 -1 -1 -1 -1 -1 -1 -1 -1
29 1180 4863 8523 4741 891 3901 8781 1241 6221 9491 1189 8611 8149 3961 2113 -1 -1 -1 -1 -1 -1 -1 -1 -1 -1 -1 -1 -1 -1
29 4899 8103 2317 9221 6901 5717 2223 2841 9803 445 9835 1003 3003 4727 4085 -1 -1 -1 -1 -1 -1 -1 -1 -1 -1 -1 -1 -1 -1
29 6381 2023 6733 2953 2523 1345 8513 2013 6007 8005 7875 5661 1143 6119 1581 -1 -1 -1 -1 -1 -1 -1 -1 -1 -1 -1 -1 -1 -1
29 5630 3395 9225 7583 6305 3051 6819 2395 1487 2983 6069 3975 1553 9483 1425 -1 -1 -1 -1 -1 -1 -1 -1 -1 -1 -1 -1 -1 -1
29 9199 6525 3673 6245 5559 7537 7421 3391 5857 4341 9921 1919 9217 3343 4847 -1 -1 -1 -1 -1 -1 -1 -1 -1 -1 -1 -1 -1 -1
29 9396 3789 9399 7643 427 6149 5511 7519 4071 7163 1837 5395 4011 3605 5389 -1 -1 -1 -1 -1 -1 -1 -1 -1 -1 -1 -1 -1 -1
29 7067 8397 1687 187 8399 7697 8481 931 3917 4025 1749 8145 8915 3301 5651 -1 -1 -1 -1 -1 -1 -1 -1 -1 -1 -1 -1 -1 -1
29 864 4725 9449 149 9041 6217 7689 3491 4703 6559 7409 2705 7919 4819 8313 -1 -1 -1 -1 -1 -1 -1 -1 -1 -1 -1 -1 -1 -1
29 5164 6023 9305 3081 497 3769 1779 3623 7691 841 59 8899 989 9031 7231 -1 -1 -1 -1 -1 -1 -1 -1 -1 -1 -1 -1 -1 -1
29 5267 6261 3221 4681 6159 4345 2777 3557 9121 2917 6531 529 213 7795 6343 -1 -1 -1 -1 -1 -1 -1 -1 -1 -1 -1 -1 -1 -1
29 4778 3999 2793 9523 127 6955 5113 6313 4313 1725 5781 2923 8883 3599 6387 -1 -1 -1 -1 -1 -1 -1 -1 -1 -1 -1 -1 -1 -1
29 3012 5625 4427 5665 5747 8387 7309 3009 3479 9853 2931 5803 9207 5731 4453 -1 -1 -1 -1 -1 -1 -1 -1 -1 -1 -1 -1 -1 -1
29 3761 7685 4971 8685 8987 4135 8431 1855 9961 4545 1233 5137 6757 6565 1231 -1 -1 -1 -1 -1 -1 -1 -1 -1 -1 -1 -1 -1 -1
29 8457 5469 3861 5521 1629 9697 7979 3455 6105 8441 9375 9187 6399 4549 4865 -1 -1 -1 -1 -1 -1 -1 -1 -1 -1 -1 -1 -1 -1
29 672 6529 9379 2115 2329 5915 9227 2085 6341 9781 7761 1319 643 5479 4035 -1 -1 -1 -1 -1 -1 -1 -1 -1 -1 -1 -1 -1 -1
29 8767 2139 9259 4705 6495 1399 6975 3845 7061 4017 6263 4759 8279 2315 247 -1 -1 -1 -1 -1 -1 -1 -1 -1 -1 -1 -1 -1 -1
29 913 5967 6467 9037 6041 5361 4067 357 7239 3341 5793 8507 4813 1887 6249 -1 -1 -1 -1 -1 -1 -1 -1 -1 -1 -1 -1 -1 -1
29 176 4269 9603 7717 8061 1851 9141 5423 7299 4575 9067 2389 773 131 5613 -1 -1 -1 -1 -1 -1 -1 -1 -1 -1 -1 -1 -1 -1
29 5641 5929 2579 6769 3041 4585 6623 7625 3019 2525 2513 5281 8807 3213 3125 -1 -1 -1 -1 -1 -1 -1 -1 -1 -1 -1 -1 -1 -1
29 6285 3883 4075 2197 453 7173 5965 6995 9665 2477 21 2699 2759 9887 3327 -1 -1 -1 -1 -1 -1 -1 -1 -1 -1 -1 -1 -1 -1
29 5111 7759 7787 4721 2105 5897 665 5713 8913 2403 7473 8659 7739 6653 5393 -1 -1 -1 -1 -1 -1 -1 -1 -1 -1 -1 -1 -1 -1
29 6132 8983 1153 9291 8165 5371 3339 2633 4069 1767 8131 9007 5027 6111 2899 -1 -1 -1 -1 -1 -1 -1 -1 -1 -1 -1 -1 -1 -1
29 1273 5679 8411 6141 8077 5953 5345 6869 8201 689 5601 8455 2171 6607 2229 -1 -1 -1 -1 -1 -1 -1 -1 -1 -1 -1 -1 -1 -1
29 3475 6383 137 1375 9535 5365 8797 2555 5057 3711 6357 1405 9381 2387 9487 -1 -1 -1 -1 -1 -1 -1 -1 -1 -1 -1 -1 -1 -1
29 7646 935 293 7601 4437 6639 563 1579 5435 5401 6989 3127 3061 6323 241 -1 -1 -1 -1 -1 -1 -1 -1 -1 -1 -1 -1 -1 -1
29 7403 5831 9013 2405 5593 4923 9251 9263 6427 6473 8917 1833 1401 3129 2321 -1 -1 -1 -1 -1 -1 -1 -1 -1 -1 -1 -1 -1 -1
29 9009 7797 8079 37 6573 2213 9787 6677 4221 4193 1643 9249 539 6851 8119 -1 -1 -1 -1 -1 -1 -1 -1 -1 -1 -1 -1 -1 -1
29 8856 9997 4729 1685 3779 7841 7581 6681 8569 7405 8617 7941 4417 3073 9567 -1 -1 -1 -1 -1 -1 -1 -1 -1 -1 -1 -1 -1 -1
29 1296 4781 9605 8363 7677 2585 4091 4655 8093 9851 5597 7443 157 3939 8041 -1 -1 -1 -1 -1 -1 -1 -1 -1 -1 -1 -1 -1 -1
29 8312 3365 3309 1337 47 7805 1909 4629 9989 8541 4833 8691 4829 4447 6689 -1 -1 -1 -1 -1 -1 -1 -1 -1 -1 -1 -1 -1 -1
29 4464 5563 1827 2427 6667 5779 5185 4523 2673 425 8391 1371 4723 1571 4609 -1 -1 -1 -1 -1 -1 -1 -1 -1 -1 -1 -1 -1 -1
29 3000 9151 7665 6293 31 4751 3333 7769 1587 5159 2097 8939 1885 449 7143 -1 -1 -1 -1 -1 -1 -1 -1 -1 -1 -1 -1 -1 -1
29 2515 6219 1529 5009 9023 4963 5545 2147 91 2233 7305 3839 5135 6521 2333 -1 -1 -1 -1 -1 -1 -1 -1 -1 -1 -1 -1 -1 -1
29 2871 1711 8635 2065 9613 227 3643 1123 5167 1759 7257 4667 1249 2753 7425 -1 -1 -1 -1 -1 -1 -1 -1 -1 -1 -1 -1 -1 -1
29 776 4285 5437 7595 5685 2813 6935 837 3573 4799 7037 1935 4943 1927 2929 -1 -1 -1 -1 -1 -1 -1 -1 -1 -1 -1 -1 -1 -1
29 3029 3017 1953 6499 3663 9403 1407 873 9407 685 6609 8721 1507 2219 6039 -1 -1 -1 -1 -1 -1 -1 -1 -1 -1 -1 -1 -1 -1
29 2127 7821 6679 1995 3355 3403 6635 4119 7605 8641 8499 907 4371 2951 3419 -1 -1 -1 -1 -1 -1 -1 -1 -1 -1 -1 -1 -1 -1
29 8086 1561 5025 7505 5215 5551 2693 4697 6299 7483 9771 5689 1905 1567 7189 -1 -1 -1 -1 -1 -1 -1 -1 -1 -1 -1 -1 -1 -1
29 1394 4731 8157 5337 3601 2249 2263 1025 1593 8687 2373 4107 2893 4737 6045 -1 -1 -1 -1 -1 -1 -1 -1 -1 -1 -1 -1 -1 -1
29 4972 3357 8951 9953 9347 4707 5031 3831 6703 7869 7735 1695 2617 2631 3885 -1 -1 -1 -1 -1 -1 -1 -1 -1 -1 -1 -1 -1 -1
29 1844 8473 8531 5629 205 2215 1037 1907 6267 1549 4201 7429 9959 1383 3665 -1 -1 -1 -1 -1 -1 -1 -1 -1 -1 -1 -1 -1 -1
29 6333 4491 1501 2063 1263 9841 61 8693 1243 1895 3791 6085 5075 5097 1623 -1 -1 -1 -1 -1 -1 -1 -1 -1 -1 -1 -1 -1 -1
29 7640 6931 8065 2491 3173 1001 7929 7603 5125 9451 995 7007 6375 8529 755 -1 -1 -1 -1 -1 -1 -1 -1 -1 -1 -1 -1 -1 -1
29 6558 5421 4569 5359 2501 6561 2205 3671 4673 3185 7503 5441 8675 6991 2227 -1 -1 -1 -1 -1 -1 -1 -1 -1 -1 -1 -1 -1 -1
29 7506 3965 7169 5889 8895 6969 6699 7383 8285 2961 991 9179 831 4027 9709 -1 -1 -1 -1 -1 -1 -1 -1 -1 -1 -1 -1 -1 -1
29 9269 9137 3823 4593 6377 8443 4803 8615 33 437 4665 3147 6557 5485 2133 -1 -1 -1 -1 -1 -1 -1 -1 -1 -1 -1 -1 -1 -1
29 1335 5871 2089 3219 4619 9555 1205 1631 9055 3715 7209 1085 1853 1391 2307 -1 -1 -1 -1 -1 -1 -1 -1 -1 -1 -1 -1 -1 -1
29 3217 9417 2421 5515 6637 825 1111 9115 7349 4003 203 957 3609 635 2173 -1 -1 -1 -1 -1 -1 -1 -1 -1 -1 -1 -1 -1 -1
29 853 6613 2875 5819 3311 4339 8919 7845 319 9267 7243 9651 8109 6223 5385 -1 -1 -1 -1 -1 -1 -1 -1 -1 -1 -1 -1 -1 -1
29 5754 5271 2669 9257 1805 2957 487 1813 8849 6535 3611 2685 2683 7499 481 -1 -1 -1 -1 -1 -1 -1 -1 -1 -1 -1 -1 -1 -1
29 4711 6803 8287 6797 3457 1503 1983 2201 5863 6163 2735 2495 5379 9047 1271 -1 -1 -1 -1 -1 -1 -1 -1 -1 -1 -1 -1 -1 -1
29 8705 3097 9859 6077 3701 5877 3519 2049 5925 2281 3379 8855 9763 3641 5357 -1 -1 -1 -1 -1 -1 -1 -1 -1 -1 -1 -1 -1 -1
29 5891 6349 217 8955 9045 869 9685 8277 8609 1603 7407 7877 1135 903 6487 -1 -1 -1 -1 -1 -1 -1 -1 -1 -1 -1 -1 -1 -1
29 5049 3397 3133 197 4695 1021 747 7147 9111 6553 4857 4379 6591 3171 8269 -1 -1 -1 -1 -1 -1 -1 -1 -1 -1 -1 -1 -1 -1
29 4330 4333 7567 5677 3607 9847 6475 571 7065 7931 2725 6763 3441 7511 1941 -1 -1 -1 -1 -1 -1 -1 -1 -1 -1 -1 -1 -1 -1
29 6497 6937 267 7015 4981 2809 6231 6005 4597 5757 1349 8665 947 8221 5773 -1 -1 -1 -1 -1 -1 -1 -1 -1 -1 -1 -1 -1 -1
29 165 9105 3613 3045 7223 9015 5537 4573 6859 739 8215 6213 4199 4955 6319 -1 -1 -1 -1 -1 -1 -1 -1 -1 -1 -1 -1 -1 -1
29 6549 45 8075 3351 65 845 6463 4009 3541 9925 2629 4547 2607 1173 285 -1 -1 -1 -1 -1 -1 -1 -1 -1 -1 -1 -1 -1 -1
29 8825 2861 6801 4959 5285 7399 4891 3709 7201 3777 6225 4147 1771 1469 4299 -1 -1 -1 -1 -1 -1 -1 -1 -1 -1 -1 -1 -1 -1
29 9125 6373 7793 8747 7741 3059 1139 5251 9223 5301 7091 8591 8601 9507 1213 -1 -1 -1 -1 -1 -1 -1 -1 -1 -1 -1 -1 -1 -1
29 4663 5893 6455 3141 2385 4965 2933 8765 4975 87 4431 1933 5581 1057 9465 -1 -1 -1 -1 -1 -1 -1 -1 -1 -1 -1 -1 -1 -1
29 8205 9271 6101 8203 3583 4235 8503 4391 2129 9149 1419 5497 1963 2821 7975 -1 -1 -1 -1 -1 -1 -1 -1 -1 -1 -1 -1 -1 -1
29 3915 2641 1989 6431 4841 1653 295 7177 5637 4473 5413 6367 1145 9727 2521 -1 -1 -1 -1 -1 -1 -1 -1 -1 -1 -1 -1 -1 -1
29 6987 4233 8449 485 677 8819 4769 1239 385 1121 8147 3435 8761 9119 5131 -1 -1 -1 -1 -1 -1 -1 -1 -1 -1 -1 -1 -1 -1
29 7507 1159 3469 6907 5787 2901 7331 1961 3205 2179 9035 3121 2615 2889 4305 -1 -1 -1 -1 -1 -1 -1 -1 -1 -1 -1 -1 -1 -1
29 7825 7211 897 9557 4765 3829 3385 629 1009 7993 7727 403 965 407 5495 -1 -1 -1 -1 -1 -1 -1 -1 -1 -1 -1 -1 -1 -1
29 3856 1247 7389 4369 4947 3857 9191 593 6643 7755 8267 8337 3983 159 7103 -1 -1 -1 -1 -1 -1 -1 -1 -1 -1 -1 -1 -1 -1
29 8662 7547 2363 8823 3197 3027 5237 375 6197 943 3925 7237 6873 7159 1931 -1 -1 -1 -1 -1 -1 -1 -1 -1 -1 -1 -1 -1 -1
29 6720 1065 5245 8535 8731 4685 4099 4227 13 2207 4497 2381 7557 4129 2839 -1 -1 -1 -1 -1 -1 -1 -1 -1 -1 -1 -1 -1 -1
29 7780 5979 7339 5973 3057 9995 479 1999 43 5969 5509 8231 9923 3409 6739 -1 -1 -1 -1 -1 -1 -1 -1 -1 -1 -1 -1 -1 -1
29 6896 3809 6723 1347 1531 1665 7335 8439 5079 1839 3743 115 305 8975 4143 -1 -1 -1 -1 -1 -1 -1 -1 -1 -1 -1 -1 -1 -1
29 7051 1179 7905 8527 1285 3575 9797 309 8791 2039 8067 6581 4551 8999 9509 -1 -1 -1 -1 -1 -1 -1 -1 -1 -1 -1 -1 -1 -1
29 1510 2277 2619 3729 4951 4767 5815 721 3001 9215 83 7229 3941 633 8171 -1 -1 -1 -1 -1 -1 -1 -1 -1 -1 -1 -1 -1 -1
29 2742 7571 7235 3687 1967 3159 3921 979 851 6669 5311 865 337 9011 8491 -1 -1 -1 -1 -1 -1 -1 -1 -1 -1 -1 -1 -1 -1
29 4863 3935 1481 8777 3451 1551 9755 7485 7891 7693 569 4835 4633 1511 5617 -1 -1 -1 -1 -1 -1 -1 -1 -1 -1 -1 -1 -1 -1
29 2458 2733 5221 9069 2737 265 9699 8701 173 9327 7131 8035 8901 4125 5123 -1 -1 -1 -1 -1 -1 -1 -1 -1 -1 -1 -1 -1 -1
29 3792 7255 9691 7683 7731 8879 5881 1985 7937 2993 715 3635 4779 9323 1845 -1 -1 -1 -1 -1 -1 -1 -1 -1 -1 -1 -1 -1 -1
29 5338 3969 5455 1951 6673 2879 4937 9907 5323 1609 8213 6025 557 379 9243 -1 -1 -1 -1 -1 -1 -1 -1 -1 -1 -1 -1 -1 -1
29 8524 4225 2503 4105 617 5851 6655 1715 8239 7995 8677 1303 6741 8599 1741 -1 -1 -1 -1 -1 -1 -1 -1 -1 -1 -1 -1 -1 -1
29 2023 2543 9879 8555 4735 2561 6781 1515 6167 5861 2867 567 3175 5643 4261 -1 -1 -1 -1 -1 -1 -1 -1 -1 -1 -1 -1 -1 -1
29 3052 2787 3165 455 6311 3913 2715 3283 9599 2937 1435 8605 7035 999 5415 -1 -1 -1 -1 -1 -1 -1 -1 -1 -1 -1 -1 -1 -1
29 104 9791 6517 3681 8195 7533 3679 577 1865 4889 5175 4179 4501 775 905 -1 -1 -1 -1 -1 -1 -1 -1 -1 -1 -1 -1 -1 -1
29 122 2361 4651 9065 8893 9109 6155 9761 8831 8469 7901 9309 3801 3047 2319 -1 -1 -1 -1 -1 -1 -1 -1 -1 -1 -1 -1 -1 -1
28 8380 4211 7301 6339 1385 341 4239 4165 3741 2601 8573 6115 8329 2593 3505 -1 -1 -1 -1 -1 -1 -1 -1 -1 -1 -1 -1 -1
28 3395 5745 2443 737 4895 8167 5675 6211 4231 9949 6171 5905 4671 7673 8835 -1 -1 -1 -1 -1 -1 -1 -1 -1 -1 -1 -1 -1
28 6525 7627 9205 3493 575 6663 3149 6421 745 9425 2547 5411 2845 3499 7079 -1 -1 -1 -1 -1 -1 -1 -1 -1 -1 -1 -1 -1
28 3282 6131 7687 7551 5491 3471 6871 1575 5433 6845 8453 1599 5837 5627 3329 -1 -1 -1 -1 -1 -1 -1 -1 -1 -1 -1 -1 -1
28 3789 7535 5243 5615 3207 503 4967 9937 4137 4521 161 609 3889 4805 2029 -1 -1 -1 -1 -1 -1 -1 -1 -1 -1 -1 -1 -1
28 8397 2073 9849 4287 5471 2855 3987 9625 3669 4247 9173 5611 2981 183 8571 -1 -1 -1 -1 -1 -1 -1 -1 -1 -1 -1 -1 -1
28 1992 5283 3521 4927 4913 915 5153 215 2637 9289 9281 3795 57 1977 801 -1 -1 -1 -1 -1 -1 -1 -1 -1 -1 -1 -1 -1
28 4725 8735 7659 3369 8953 6587 3903 1795 8111 261 9917 5673 8341 9409 6443 -1 -1 -1 -1 -1 -1 -1 -1 -1 -1 -1 -1 -1
28 3900 8021 1129 7453 9423 3579 477 8549 6099 5769 4801 5913 3063 4303 8921 -1 -1 -1 -1 -1 -1 -1 -1 -1 -1 -1 -1 -1
28 5676 9341 1331 9667 1015 7153 5129 2401 513 4079 3863 7459 8489 6977 1523 -1 -1 -1 -1 -1 -1 -1 -1 -1 -1 -1 -1 -1
28 9746 7971 7933 3111 8305 4037 6003 1659 9585 5369 753 4295 7953 8087 7563 -1 -1 -1 -1 -1 -1 -1 -1 -1 -1 -1 -1 -1
28 6894 5807 543 889 103 6061 6493 919 5353 4325 7925 7949 4157 3639 8207 -1 -1 -1 -1 -1 -1 -1 -1 -1 -1 -1 -1 -1
28 6023 2081 2655 3727 4773 655 3005 5945 2591 4457 8089 9655 7491 5531 8429 -1 -1 -1 -1 -1 -1 -1 -1 -1 -1 -1 -1 -1
28 6346 2831 2199 4259 7951 3285 9459 4005 9565 8627 6033 4581 7099 3179 6939 -1 -1 -1 -1 -1 -1 -1 -1 -1 -1 -1 -1 -1
28 6870 9861 9631 9277 9765 283 5997 7723 3079 1897 9815 9739 3209 4623 355 -1 -1 -1 -1 -1 -1 -1 -1 -1 -1 -1 -1 -1
28 3999 827 7895 3527 4561 9873 5377 8697 3335 4831 6705 237 1461 1047 7879 -1 -1 -1 -1 -1 -1 -1 -1 -1 -1 -1 -1 -1
28 9386 4253 8485 3459 1601 5991 8003 5705 7359 6331 8369 5417 9091 3927 3371 -1 -1 -1 -1 -1 -1 -1 -1 -1 -1 -1 -1 -1
28 7372 6019 8427 3183 7439 7655 7219 7653 7467 9155 4941 71 5767 3799 6417 -1 -1 -1 -1 -1 -1 -1 -1 -1 -1 -1 -1 -1
28 5625 4939 5319 9695 5197 8307 9891 4175 7513 2303 4243 5869 559 9387 7023 -1 -1 -1 -1 -1 -1 -1 -1 -1 -1 -1 -1 -1
28 8580 1959 5011 8779 4197 2267 5127 5313 6437 1797 5951 4825 7363 8497 1265 -1 -1 -1 -1 -1 -1 -1 -1 -1 -1 -1 -1 -1
28 7685 7749 4121 4631 6303 4635 5669 7249 3297 1477 3797 55 639 4693 4389 -1 -1 -1 -1 -1 -1 -1 -1 -1 -1 -1 -1 -1
28 9142 6095 3023 7289 2959 8715 3781 3347 9477 4885 8153 6791 895 7155 6001 -1 -1 -1 -1 -1 -1 -1 -1 -1 -1 -1 -1 -1
28 3342 201 9377 7457 9927 4097 3099 4933 771 8783 3277 9833 1667 9209 3473 -1 -1 -1 -1 -1 -1 -1 -1 -1 -1 -1 -1 -1
28 3738 3597 389 1237 5849 7165 8875 9629 7777 3145 2011 239 5947 9297 2453 -1 -1 -1 -1 -1 -1 -1 -1 -1 -1 -1 -1 -1
28 5469 1569 2529 8927 5729 7315 8625 2339 365 5935 2763 331 3477 4033 6759 -1 -1 -1 -1 -1 -1 -1 -1 -1 -1 -1 -1 -1
28 6529 1343 7445 6713 3979 8631 3353 3757 9321 993 4049 781 9299 8383 5939 -1 -1 -1 -1 -1 -1 -1 -1 -1 -1 -1 -1 -1
28 9000 8301 7465 2927 2911 8265 2459 3875 4141 2707 1647 7613 4851 2297 7635 -1 -1 -1 -1 -1 -1 -1 -1 -1 -1 -1 -1 -1
28 7160 401 4463 2559 3653 8683 429 6123 185 8993 1899 3241 153 1613 8495 -1 -1 -1 -1 -1 -1 -1 -1 -1 -1 -1 -1 -1
28 4142 7599 4403 2667 5653 6959 5247 9719 8365 1871 9545 1489 3461 3837 4787 -1 -1 -1 -1 -1 -1 -1 -1 -1 -1 -1 -1 -1
28 5967 5623 963 4407 2345 9431 2599 2137 8737 3167 1309 2033 2671 2695 6671 -1 -1 -1 -1 -1 -1 -1 -1 -1 -1 -1 -1 -1
28 1896 9663 2117 1957 7089 5007 5115 5949 9315 9231 1861 5847 8653 6861 5841 -1 -1 -1 -1 -1 -1 -1 -1 -1 -1 -1 -1 -1
28 4606 3749 8905 4905 5555 4507 3187 443 4015 3887 7071 5259 9177 193 8643 -1 -1 -1 -1 -1 -1 -1 -1 -1 -1 -1 -1 -1
28 4269 3991 3655 7647 9113 6133 8717 9413 7117 5343 6893 1459 2765 3567 9929 -1 -1 -1 -1 -1 -1 -1 -1 -1 -1 -1 -1 -1
28 4928 5165 4209 4531 3899 9643 3919 6767 3997 9531 8253 9303 2939 1673 7141 -1 -1 -1 -1 -1 -1 -1 -1 -1 -1 -1 -1 -1
28 9226 6599 5785 399 2907 4111 4611 7667 883 4229 7767 2877 585 3535 3615 -1 -1 -1 -1 -1 -1 -1 -1 -1 -1 -1 -1 -1
28 9026 4203 3627 2261 2365 9607 3659 3411 9235 7045 4921 7989 8135 9513 8259 -1 -1 -1 -1 -1 -1 -1 -1 -1 -1 -1 -1 -1
28 9028 6605 8853 3237 3421 4419 9933 8663 679 3215 5647 8989 6483 8867 6083 -1 -1 -1 -1 -1 -1 -1 -1 -1 -1 -1 -1 -1
28 7504 1945 7055 6011 2357 1315 4327 4677 8679 409 8245 3819 1719 27 1625 -1 -1 -1 -1 -1 -1 -1 -1 -1 -1 -1 -1 -1
28 6004 3093 5649 457 9991 1367 2399 9777 541 4413 4281 8435 5067 4051 5043 -1 -1 -1 -1 -1 -1 -1 -1 -1 -1 -1 -1 -1
28 5929 2035 3361 787 501 3529 2849 3275 4969 1081 4945 2465 2739 1125 923 -1 -1 -1 -1 -1 -1 -1 -1 -1 -1 -1 -1 -1
28 8983 3843 8127 8515 7261 4771 667 785 3151 7597 8889 2121 6433 4149 3261 -1 -1 -1 -1 -1 -1 -1 -1 -1 -1 -1 -1 -1
28 6383 9319 9789 9253 587 1791 4909 5797 6395 7629 5983 2859 2847 7737 7285 -1 -1 -1 -1 -1 -1 -1 -1 -1 -1 -1 -1 -1
28 935 1775 3977 6251 1071 4605 7253 1217 7347 1679 9529 9311 3271 5037 5655 -1 -1 -1 -1 -1 -1 -1 -1 -1 -1 -1 -1 -1
28 4876 9519 4449 1281 8415 6865 1275 605 9745 2175 4293 8661 1595 8139 6853 -1 -1 -1 -1 -1 -1 -1 -1 -1 -1 -1 -1 -1
28 7797 1357 6465 4061 2067 5227 7969 4739 1245 987 2943 3095 475 8401 5733 -1 -1 -1 -1 -1 -1 -1 -1 -1 -1 -1 -1 -1
28 4781 3787 8451 7713 9361 5681 4535 2701 1151 4931 9593 6719 7493 2697 8827 -1 -1 -1 -1 -1 -1 -1 -1 -1 -1 -1 -1 -1
28 4554 7 9061 121 2881 8479 5553 1717 9485 2001 2711 709 7233 7081 7027 -1 -1 -1 -1 -1 -1 -1 -1 -1 -1 -1 -1 -1
28 3365 3189 8789 859 1655 4063 7449 8575 1917 565 199 5579 533 8667 7487 -1 -1 -1 -1 -1 -1 -1 -1 -1 -1 -1 -1 -1
28 2750 1157 5019 1209 2189 6179 3201 4587 7883 5183 8623 7589 3747 1191 2625 -1 -1 -1 -1 -1 -1 -1 -1 -1 -1 -1 -1 -1
28 2676 945 6281 235 491 2007 2169 4001 93 2843 881 3849 1573 9893 8233 -1 -1 -1 -1 -1 -1 -1 -1 -1 -1 -1 -1 -1
28 8656 7819 6917 9025 3289 8887 7191 7957 9571 5821 5501 7247 9935 6953 8291 -1 -1 -1 -1 -1 -1 -1 -1 -1 -1 -1 -1 -1
28 4854 6165 6355 4961 9687 6647 69 171 939 5975 9839 5063 1451 2043 6695 -1 -1 -1 -1 -1 -1 -1 -1 -1 -1 -1 -1 -1
28 5094 1463 5217 7119 9987 7555 1051 1923 2771 219 8561 4599 8871 2727 307 -1 -1 -1 -1 -1 -1 -1 -1 -1 -1 -1 -1 -1
28 5563 6297 8543 2721 6397 6843 9581 7715 8897 671 2891 1097 3723 5541 7225 -1 -1 -1 -1 -1 -1 -1 -1 -1 -1 -1 -1 -1
28 6219 5321 9539 7125 2999 9145 2305 2873 3619 9499 3315 2017 7831 4525 8367 -1 -1 -1 -1 -1 -1 -1 -1 -1 -1 -1 -1 -1
28 4285 4007 9945 2257 5161 7747 2971 1257 6057 4661 1187 4985 7431 5539 8271 -1 -1 -1 -1 -1 -1 -1 -1 -1 -1 -1 -1 -1
28 3017 6641 9623 9865 2041 2157 719 6657 7441 2415 4153 6993 4637 2341 9345 -1 -1 -1 -1 -1 -1 -1 -1 -1 -1 -1 -1 -1
28 3964 6107 3699 1339 1615 6279 3855 4181 2745 6675 4443 2577 7859 101 4475 -1 -1 -1 -1 -1 -1 -1 -1 -1 -1 -1 -1 -1
28 7821 6067 9569 7517 7553 3555 4279 5051 3103 4263 4435 7157 8961 5487 7133 -1 -1 -1 -1 -1 -1 -1 -1 -1 -1 -1 -1 -1
28 1561 9639 9503 2393 9723 9163 6363 3733 4621 1555 1493 2833 4761 5187 9017 -1 -1 -1 -1 -1 -1 -1 -1 -1 -1 -1 -1 -1
28 7716 867 6489 1815 8903 1235 2469 4983 5157 5235 3603 387 2369 4843 1565 -1 -1 -1 -1 -1 -1 -1 -1 -1 -1 -1 -1 -1
28 6984 7945 1437 6761 8959 6173 3867 1293 6359 3675 9087 109 8621 7221 599 -1 -1 -1 -1 -1 -1 -1 -1 -1 -1 -1 -1 -1
28 3178 6401 4613 6943 321 277 6117 5783 9439 789 3825 855 5727 9169 3737 -1 -1 -1 -1 -1 -1 -1 -1 -1 -1 -1 -1 -1
28 4731 3503 6771 2885 9743 2565 4217 2775 5465 1219 7313 9561 7725 2245 1743 -1 -1 -1 -1 -1 -1 -1 -1 -1 -1 -1 -1 -1
28 3357 1755 1497 2095 8011 977 9019 1681 4065 1193 3431 2019 7167 5447 1035 -1 -1 -1 -1 -1 -1 -1 -1 -1 -1 -1 -1 -1
28 8473 4245 4485 8567 1807 9827 3951 7773 4377 8723 4047 225 751 1169 7943 -1 -1 -1 -1 -1 -1 -1 -1 -1 -1 -1 -1 -1
28 4491 3933 7395 4367 8487 7471 8745 4355 7633 6523 5533 4215 1137 9683 759 -1 -1 -1 -1 -1 -1 -1 -1 -1 -1 -1 -1 -1
28 4208 3793 11 651 8501 5473 4717 9097 5759 9339 7039 3415 245 8707 7003 -1 -1 -1 -1 -1 -1 -1 -1 -1 -1 -1 -1 -1
28 4668 2605 3693 6325 9293 2587 6889 6255 7915 111 7753 6429 1063 7803 7433 -1 -1 -1 -1 -1 -1 -1 -1 -1 -1 -1 -1 -1
28 6931 151 7501 8043 2487 2719 8885 3851 8099 7105 4533 9365 1409 3869 8107 -1 -1 -1 -1 -1 -1 -1 -1 -1 -1 -1 -1 -1
28 9656 3617 9167 9713 3345 7329 5751 9549 4753 9733 4657 5451 1171 645 3007 -1 -1 -1 -1 -1 -1 -1 -1 -1 -1 -1 -1 -1
28 5421 727 699 3157 467 1099 4957 4393 7751 4289 3035 2191 5191 3895 1903 -1 -1 -1 -1 -1 -1 -1 -1 -1 -1 -1 -1 -1
28 3965 1605 9193 2269 7871 4875 5387 9241 7379 4031 2651 249 2549 2445 8537 -1 -1 -1 -1 -1 -1 -1 -1 -1 -1 -1 -1 -1
28 3768 8181 5941 4297 7789 7183 8547 7621 3871 4577 521 3879 9707 2111 1955 -1 -1 -1 -1 -1 -1 -1 -1 -1 -1 -1 -1 -1
28 488 7057 5085 1181 9463 6055 8733 1969 3281 5425 9575 7701 8787 9427 7961 -1 -1 -1 -1 -1 -1 -1 -1 -1 -1 -1 -1 -1
28 9137 329 4409 1287 7029 511 5349 6481 2531 3785 7275 4425 1353 3971 1471 -1 -1 -1 -1 -1 -1 -1 -1 -1 -1 -1 -1 -1
28 8452 8809 351 7477 4237 3021 8949 7679 5587 9885 5329 3685 1453 6807 9779 -1 -1 -1 -1 -1 -1 -1 -1 -1 -1 -1 -1 -1
28 5494 9357 3577 105 7435 8351 1835 9963 9183 5277 6287 259 7297 9469 8563 -1 -1 -1 -1 -1 -1 -1 -1 -1 -1 -1 -1 -1
28 5871 7669 1183 3661 4827 1773 1675 4867 3625 1007 4519 5691 4855 6621 2723 -1 -1 -1 -1 -1 -1 -1 -1 -1 -1 -1 -1 -1
28 9417 5203 6501 3425 8225 6135 659 8937 6309 3683 9689 5219 4471 6079 7343 -1 -1 -1 -1 -1 -1 -1 -1 -1 -1 -1 -1 -1
28 2172 6913 2987 8533 5609 5561 6509 9721 4487 7703 4223 2977 8545 2653 9867 -1 -1 -1 -1 -1 -1 -1 -1 -1 -1 -1 -1 -1
28 5271 6831 1447 1449 5903 6017 7481 9049 9943 6277 9857 8115 4349 3235 3031 -1 -1 -1 -1 -1 -1 -1 -1 -1 -1 -1 -1 -1
28 6803 8059 9063 3943 4807 6537 6507 1913 5303 2989 1215 6257 7265 4397 6967 -1 -1 -1 -1 -1 -1 -1 -1 -1 -1 -1 -1 -1
28 154 7497 8633 3239 8891 6625 9039 289 3363 1427 9127 9287 4317 2419 705 -1 -1 -1 -1 -1 -1 -1 -1 -1 -1 -1 -1 -1
28 3097 8091 9657 8219 6881 5273 2769 7721 9395 6567 8859 6809 9359 1537 6527 -1 -1 -1 -1 -1 -1 -1 -1 -1 -1 -1 -1 -1
28 1364 2455 821 6201 5543 2623 5895 6753 975 4055 7195 9043 7199 9525 6195 -1 -1 -1 -1 -1 -1 -1 -1 -1 -1 -1 -1 -1
28 6349 8657 2995 5173 5667 4871 5461 3387 7427 3865 4469 3303 3401 5295 7447 -1 -1 -1 -1 -1 -1 -1 -1 -1 -1 -1 -1 -1
28 8048 579 7987 4571 6029 8753 6961 4817 9753 7745 8943 799 2837 5557 4911 -1 -1 -1 -1 -1 -1 -1 -1 -1 -1 -1 -1 -1
28 4206 1077 8763 7711 2441 1397 8841 9773 8577 2919 3055 683 1517 5239 4187 -1 -1 -1 -1 -1 -1 -1 -1 -1 -1 -1 -1 -1
28 2688 959 9101 2533 1369 3071 4917 2101 2337 431 4019 1321 4351 955 2131 -1 -1 -1 -1 -1 -1 -1 -1 -1 -1 -1 -1 -1
28 3397 9843 5765 9633 6823 5865 1809 9027 3203 5843 7345 3543 4213 9659 3621 -1 -1 -1 -1 -1 -1 -1 -1 -1 -1 -1 -1 -1
28 4333 9493 783 4337 7843 7187 2003 15 7393 5293 4401 625 9547 5199 5463 -1 -1 -1 -1 -1 -1 -1 -1 -1 -1 -1 -1 -1
28 1060 6645 2905 9353 2119 447 2963 5307 9795 925 3877 9769 4277 6403 3775 -1 -1 -1 -1 -1 -1 -1 -1 -1 -1 -1 -1 -1
28 6937 707 2729 9759 1105 1067 8049 397 6817 395 6707 3705 6175 9999 5799 -1 -1 -1 -1 -1 -1 -1 -1 -1 -1 -1 -1 -1
28 8930 8785 2865 6577 769 7775 961 1283 8873 1519 9979 1701 4669 8773 8199 -1 -1 -1 -1 -1 -1 -1 -1 -1 -1 -1 -1 -1
28 9105 1949 5155 3015 4683 1185 7351 8421 6369 7671 8039 3011 9931 6353 2271 -1 -1 -1 -1 -1 -1 -1 -1 -1 -1 -1 -1 -1
28 3296 8729 5873 8749 9003 6121 4311 515 5777 4641 1889 6811 3753 9419 3539 -1 -1 -1 -1 -1 -1 -1 -1 -1 -1 -1 -1 -1
28 1424 155 551 4459 4699 2783 9219 6125 3513 8211 9089 4081 9157 9295 7357 -1 -1 -1 -1 -1 -1 -1 -1 -1 -1 -1 -1 -1
28 2861 8361 6583 1279 9071 8805 8141 5 3587 8483 7863 3629 7587 6617 4653 -1 -1 -1 -1 -1 -1 -1 -1 -1 -1 -1 -1 -1
28 1356 129 6241 181 3985 4625 1417 9159 4387 4483 5279 8607 7893 5741 7093 -1 -1 -1 -1 -1 -1 -1 -1 -1 -1 -1 -1 -1
28 1334 4709 6579 6717 7817 7947 8829 4053 6393 2689 4687 3923 693 1117 8113 -1 -1 -1 -1 -1 -1 -1 -1 -1 -1 -1 -1 -1
28 3140 433 3947 8343 7251 2155 9385 6485 6205 465 1557 9233 6543 2485 6597 -1 -1 -1 -1 -1 -1 -1 -1 -1 -1 -1 -1 -1
28 7940 9541 9433 9591 9505 2661 9785 9915 4273 5523 7811 8775 1413 2351 1291 -1 -1 -1 -1 -1 -1 -1 -1 -1 -1 -1 -1 -1
28 6373 6081 7073 2717 3083 3375 9811 1441 117 5071 7387 8345 8475 263 8671 -1 -1 -1 -1 -1 -1 -1 -1 -1 -1 -1 -1 -1
28 8366 1987 5381 8197 1295 4747 9559 9489 8673 8289 8047 345 2151 8339 6863 -1 -1 -1 -1 -1 -1 -1 -1 -1 -1 -1 -1 -1
28 562 8405 1297 6833 1079 7529 1499 3755 209 5355 1329 3695 6895 5013 8973 -1 -1 -1 -1 -1 -1 -1 -1 -1 -1 -1 -1 -1
28 7874 8069 3257 7115 287 2217 3249 2801 4395 2947 3191 2463 9453 4555 839 -1 -1 -1 -1 -1 -1 -1 -1 -1 -1 -1 -1 -1
28 7946 5041 2545 8845 4793 537 5483 949 4089 8407 9793 6187 9443 335 9611 -1 -1 -1 -1 -1 -1 -1 -1 -1 -1 -1 -1 -1
28 8340 6071 459 4877 451 1113 6925 2519 7489 9153 6191 6951 99 4059 6827 -1 -1 -1 -1 -1 -1 -1 -1 -1 -1 -1 -1 -1
28 5893 6031 1031 7397 6755 711 2037 4639 3651 4527 5327 4511 4365 3043 4763 -1 -1 -1 -1 -1 -1 -1 -1 -1 -1 -1 -1 -1
28 9271 7565 3833 2691 3697 9343 6459 589 7227 2061 6183 133 2869 4509 8447 -1 -1 -1 -1 -1 -1 -1 -1 -1 -1 -1 -1 -1
28 2641 6923 2553 7121 937 7063 2755 7381 7369 5763 9029 1147 5477 1161 7127 -1 -1 -1 -1 -1 -1 -1 -1 -1 -1 -1 -1 -1
28 8704 4675 7197 7281 5507 8027 2573 8681 6389 9737 7771 5147 9609 7437 3433 -1 -1 -1 -1 -1 -1 -1 -1 -1 -1 -1 -1 -1
28 4982 9265 7139 3909 7319 7907 3763 6379 6409 7835 1395 2589 3963 8029 4451 -1 -1 -1 -1 -1 -1 -1 -1 -1 -1 -1 -1 -1
28 4233 797 5305 6745 145 7049 681 2279 6295 1083 9983 5817 4167 9021 4433 -1 -1 -1 -1 -1 -1 -1 -1 -1 -1 -1 -1 -1
28 1159 1513 2597 517 1801 2791 3735 5229 2331 3069 1825 3771 6147 1225 2941 -1 -1 -1 -1 -1 -1 -1 -1 -1 -1 -1 -1 -1
28 28 725 1311 4411 5859 9481 817 791 9107 6515 4127 7549 2077 297 3551 -1 -1 -1 -1 -1 -1 -1 -1 -1 -1 -1 -1 -1
28 4508 1355 7967 7923 951 1993 2195 1787 5177 619 1045 5325 3463 3181 811 -1 -1 -1 -1 -1 -1 -1 -1 -1 -1 -1 -1 -1
28 7211 4073 7461 5391 3931 9255 8833 795 9583 1883 1817 9081 9355 7733 5931 -1 -1 -1 -1 -1 -1 -1 -1 -1 -1 -1 -1 -1
28 1247 1251 6909 1947 2123 7899 9079 8651 4809 597 7939 6941 5383 6009 7495 -1 -1 -1 -1 -1 -1 -1 -1 -1 -1 -1 -1 -1
28 6568 3115 349 5527 8105 4821 7699 73 9975 4785 353 4919 7075 9103 5927 -1 -1 -1 -1 -1 -1 -1 -1 -1 -1 -1 -1 -1
28 658 6259 1365 8247 3101 9799 3259 2221 6361 6795 1799 8639 9877 381 1591 -1 -1 -1 -1 -1 -1 -1 -1 -1 -1 -1 -1 -1
28 6468 3509 3483 5795 9615 4789 6983 2677 435 1971 1723 7001 4177 3319 9749 -1 -1 -1 -1 -1 -1 -1 -1 -1 -1 -1 -1 -1
28 944 9275 4265 5985 9767 8565 3373 9165 3439 8123 6651 189 9729 649 7333 -1 -1 -1 -1 -1 -1 -1 -1 -1 -1 -1 -1 -1
28 748 7193 8739 8241 8317 8017 8327 3267 2313 2071 3507 9135 3495 2945 6775 -1 -1 -1 -1 -1 -1 -1 -1 -1 -1 -1 -1 -1
28 7547 921 4267 4381 2915 9527 273 53 5875 3481 4021 1261 9595 8319 4595 -1 -1 -1 -1 -1 -1 -1 -1 -1 -1 -1 -1 -1
28 1065 5743 8965 1305 2789 1627 4151 7865 1965 7455 8191 8371 917 8519 9701 -1 -1 -1 -1 -1 -1 -1 -1 -1 -1 -1 -1 -1
28 5979 7269 5709 8803 1891 5033 327 175 7675 9203 7935 6701 7171 211 483 -1 -1 -1 -1 -1 -1 -1 -1 -1 -1 -1 -1 -1
28 7446 3533 5589 3859 637 4977 8083 9391 499 7765 5309 3449 713 3013 4399 -1 -1 -1 -1 -1 -1 -1 -1 -1 -1 -1 -1 -1
28 1332 2773 6239 79 6161 233 7161 3049 8463 7097 9247 6601 623 5081 4133 -1 -1 -1 -1 -1 -1 -1 -1 -1 -1 -1 -1 -1
28 7170 2347 2025 8695 7729 9941 9351 6423 2687 1317 8505 6735 2237 2231 9597 -1 -1 -1 -1 -1 -1 -1 -1 -1 -1 -1 -1 -1
28 3809 5595 1731 2211 4461 1793 7279 8995 311 2823 3273 3981 7781 8837 9641 -1 -1 -1 -1 -1 -1 -1 -1 -1 -1 -1 -1 -1
28 1284 4701 5341 8971 9869 3531 1863 4567 9133 2511 7423 6143 2251 7889 2045 -1 -1 -1 -1 -1 -1 -1 -1 -1 -1 -1 -1 -1
28 7574 9775 607 7705 2273 9969 1175 5883 107 1307 3407 4749 6743 1403 4023 -1 -1 -1 -1 -1 -1 -1 -1 -1 -1 -1 -1 -1
28 2277 4041 6899 3649 5317 3107 7707 221 9533 7661 4101 1415 1359 1495 3773 -1 -1 -1 -1 -1 -1 -1 -1 -1 -1 -1 -1 -1
28 7571 5961 5225 7849 2069 9837 5109 207 5457 8493 6927 4583 5443 3805 4357 -1 -1 -1 -1 -1 -1 -1 -1 -1 -1 -1 -1 -1
28 3935 4029 2785 2203 3467 849 2293 4887 8001 8477 7355 909 669 8217 8379 -1 -1 -1 -1 -1 -1 -1 -1 -1 -1 -1 -1 -1
28 2733 3497 9819 5475 3349 7559 5855 4935 9543 9883 4383 6665 3211 9077 9511 -1 -1 -1 -1 -1 -1 -1 -1 -1 -1 -1 -1 -1
28 7255 5607 8169 5261 1255 8465 4219 1165 2409 7401 1867 1483 6321 803 9085 -1 -1 -1 -1 -1 -1 -1 -1 -1 -1 -1 -1 -1
28 3969 6243 1443 9635 2143 2611 6407 2167 1577 135 5963 4601 3389 7539 1619 -1 -1 -1 -1 -1 -1 -1 -1 -1 -1 -1 -1 -1
28 9578 9333 5981 4615 7837 1177 701 5525 1735 5403 8159 5367 7271 2309 8839 -1 -1 -1 -1 -1 -1 -1 -1 -1 -1 -1 -1 -1
28 7226 7085 4155 251 3161 8395 1745 7607 9939 6097 4591 8509 3525 505 3263 -1 -1 -1 -1 -1 -1 -1 -1 -1 -1 -1 -1 -1
28 4225 7137 7619 6709 9383 7641 9669 1133 7541 1753 3553 9445 5373 4893 3569 -1 -1 -1 -1 -1 -1 -1 -1 -1 -1 -1 -1 -1
28 2543 9373 1669 7521 8743 5269 9175 167 5163 871 7531 1929 5577 8843 631 -1 -1 -1 -1 -1 -1 -1 -1 -1 -1 -1 -1 -1
28 8612 767 2079 8637 8941 6413 9735 7259 2021 9317 3515 1091 8597 23 6307 -1 -1 -1 -1 -1 -1 -1 -1 -1 -1 -1 -1 -1
28 2787 553 7101 77 7801 7911 7323 555 5639 4363 9993 2235 9421 2425 4719 -1 -1 -1 -1 -1 -1 -1 -1 -1 -1 -1 -1 -1
28 9791 1703 3447 717 4257 9131 4415 9147 9461 6329 7267 3321 5943 5567 8331 -1 -1 -1 -1 -1 -1 -1 -1 -1 -1 -1 -1 -1
28 9992 9245 6541 2731 5375 8969 3953 2569 6747 8025 1709 4423 7853 2407 7479 -1 -1 -1 -1 -1 -1 -1 -1 -1 -1 -1 -1 -1
28 2361 5143 3911 7411 2291 5707 4607 6985 8057 8603 3265 3893 169 6905 8947 -1 -1 -1 -1 -1 -1 -1 -1 -1 -1 -1 -1 -1
28 9234 1475 6661 9805 5069 7341 5171 4309 3489 2183 7213 3251 9673 6963 6505 -1 -1 -1 -1 -1 -1 -1 -1 -1 -1 -1 -1 -1
